"Time","REINS_PREM_TREATY_OUT(1)...2","REINS_PREM_TREATY_OUT(2)","REINS_PREM_TREATY_OUT(3)","REINS_PREM_TREATY_OUT(4)","REINS_PREM_TREATY_OUT(5)","REINS_PREM_TREATY_OUT(6)","REINS_PREM_TREATY_OUT(1)...8","RPR_PREM_OUT_TREATY_OUT(1)","RPR_PREM_OUT_TREATY_OUT(2)","RPR_PREM_OUT_TREATY_OUT(3)","RPR_PREM_OUT_TREATY_OUT(4)","RPR_PREM_OUT_TREATY_OUT(5)","RPR_PREM_OUT_TREATY_OUT(6)","FR_REPAYMENT","FR_CLAWBACK","REINS_REC_TREATY_OUT(1)","REINS_REC_TREATY_OUT(2)","REINS_REC_TREATY_OUT(3)","REINS_REC_TREATY_OUT(4)","REINS_REC_TREATY_OUT(5)","REINS_REC_TREATY_OUT(6)","RPR_DTH_REC_TREATY_OUT(1)","RPR_DTH_REC_TREATY_OUT(2)","RPR_DTH_REC_TREATY_OUT(3)","RPR_DTH_REC_TREATY_OUT(4)","RPR_DTH_REC_TREATY_OUT(5)","RPR_DTH_REC_TREATY_OUT(6)","RPR_PHIBEN_REC_TREATY_OUT(1)","RPR_PHIBEN_REC_TREATY_OUT(2)","RPR_PHIBEN_REC_TREATY_OUT(3)","RPR_PHIBEN_REC_TREATY_OUT(4)","RPR_PHIBEN_REC_TREATY_OUT(5)","RPR_PHIBEN_REC_TREATY_OUT(6)","FR_NEW_FINAN","RISK_ADJ_RI_TREATY_OUT_FR(1)","RISK_ADJ_RI_TREATY_OUT_FR(2)","RISK_ADJ_RI_TREATY_OUT_FR(3)","RISK_ADJ_RI_TREATY_OUT_FR(4)","RISK_ADJ_RI_TREATY_OUT_FR(5)","RISK_ADJ_RI_TREATY_OUT_FR(6)","COVERAGE_UNITS_RI_TREATY_OUT(1)","COVERAGE_UNITS_RI_TREATY_OUT(2)","COVERAGE_UNITS_RI_TREATY_OUT(3)","COVERAGE_UNITS_RI_TREATY_OUT(4)","COVERAGE_UNITS_RI_TREATY_OUT(5)","COVERAGE_UNITS_RI_TREATY_OUT(6)"
45838,0,0,0,0,0,0,0,0,0,0,0,0,0,0,0,0,0,0,0,0,0,0,0,0,0,0,0,0,0,0,0,0,0,0,0,0,0,0,0,0,0,482171382.018,0,0,0,0
45869,0,4645.87955790586,0,0,0,0,0,0,144633.534107857,137.576584473207,0,0,0,25938.3472723113,209803.618007446,0,4329.86107015482,0,0,0,0,0,87831.61776299,0,0,0,0,0,15082.5249739893,103.361629278935,0,0,0,4320164.74430228,0,0,0,0,0,0,0,601718477.500206,200891.975681446,0,0,0
45900,0,4542.4968878474,0,0,0,0,0,0,141296.989656375,134.021968373544,0,0,0,25367.4524945038,56939.9979604796,0,4134.26821596917,0,0,0,0,0,83586.9171833422,0,0,0,0,0,23118.2468168183,163.878566507928,0,0,0,0,0,0,0,0,0,0,0,589889167.217919,196942.885443498,0,0,0
45930,0,4485.56614423218,0,0,0,0,0,0,139381.381388832,131.830716852759,0,0,0,25032.7123645102,30616.0365355531,0,4062.13737565399,0,0,0,0,0,82126.6357622051,0,0,0,0,0,25324.7760752592,175.881440434181,0,0,0,0,0,0,0,0,0,0,0,582920738.389984,194469.352455527,0,0,0
45961,0,4402.06933802316,0,0,0,0,0,0,136867.606430237,129.513637698649,0,0,0,24604.882945405,41867.8529229476,0,3998.95465579534,0,0,0,0,0,80898.4226416262,0,0,0,0,0,26409.5945740757,172.702116864689,0,0,0,0,0,0,0,0,0,0,0,573380128.38527,191229.77142242,0,0,0
45991,0,4351.33002787875,0,0,0,0,0,0,135262.437597526,127.987511887644,0,0,0,24312.4051274889,24255.5498062876,0,3938.55636159112,0,0,0,0,0,79746.5449739454,0,0,0,0,0,26974.584866201,170.210864021438,0,0,0,0,0,0,0,0,0,0,0,567151918.988552,189057.40852717,0,0,0
46022,0,4309.51744572074,0,0,0,0,0,0,134006.880595017,126.841234257429,0,0,0,24080.2582748265,17702.7630067724,0,3896.89435257378,0,0,0,0,0,78912.7811266705,0,0,0,0,0,27413.3662944585,168.187523718246,0,0,0,0,0,0,0,0,0,0,0,562614207.188774,187401.143635214,0,0,0
46053,0,4261.89792145348,0,0,0,0,0,0,132395.10309567,125.338231854873,0,0,0,23785.2110613228,21788.6968269266,0,3856.67327383985,0,0,0,0,0,78070.5964534885,0,0,0,0,0,27781.4672682284,166.42075375528,0,0,0,0,0,0,0,0,0,0,0,556200617.621847,185216.06824141,0,0,0
46081,0,4210.70019218814,0,0,0,0,0,0,130799.15475028,123.969021410326,0,0,0,23487.322036124,20397.1068290717,0,3812.20588514706,0,0,0,0,0,77125.4025816377,0,0,0,0,0,28075.7020285142,164.631477654809,0,0,0,0,0,0,0,0,0,0,0,550076916.439698,183223.121211687,0,0,0
46112,0,4172.44535925342,0,0,0,0,0,0,129512.589819279,122.818299418711,0,0,0,23254.593675012,15332.7207249677,0,3771.93799061243,0,0,0,0,0,76282.2024964736,0,0,0,0,0,28332.5185300391,162.914637029528,0,0,0,0,0,0,0,0,0,0,0,545061995.395693,181544.698459085,0,0,0
46142,0,4125.74868909992,0,0,0,0,0,0,127827.3302702,121.405949727461,0,0,0,22921.7662677835,18309.0220118325,0,3733.73159244911,0,0,0,0,0,75375.9464110447,0,0,0,0,0,28559.2378908632,161.246475806252,0,0,0,0,0,0,0,0,0,0,0,538500427.531362,179482.35762257,0,0,0
46173,0,4078.22966020704,0,0,0,0,0,0,126331.793002782,120.08440636273,0,0,0,22650.1891228197,15878.9777389236,0,3691.33074936136,0,0,0,0,0,74408.18141374,0,0,0,0,0,28747.4749295929,159.524919372173,0,0,0,0,0,0,0,0,0,0,0,532719845.382335,177551.10600435,0,0,0
46203,0,4034.38826633479,0,0,0,0,0,0,124985.290117987,118.790986335995,0,0,0,22405.1268991425,13366.7125822581,0,3650.25243892712,0,0,0,0,0,73597.1965327426,0,0,0,0,0,28907.0749699718,157.803095610435,0,0,0,0,0,0,0,0,0,0,0,527136743.200245,175658.385327491,0,0,0
46234,0,4577.50968257107,0,0,0,0,0,0,136668.265142533,127.977672641813,0,0,0,24684.5714544111,19315.6837085156,0,4145.42223134247,0,0,0,0,0,81079.230562805,0,0,0,0,0,30007.3767090571,164.038526541144,0,0,0,644735.123620423,0,0,0,0,0,0,0,541716322.093833,182306.903212063,0,0,0
46265,0,4520.40321141287,0,0,0,0,0,0,134984.38064165,126.451893613246,0,0,0,24381.0556012994,17475.8028045168,0,4093.69044505906,0,0,0,0,0,80111.666318773,0,0,0,0,0,30760.5113907535,167.24585673508,0,0,0,0,0,0,0,0,0,0,0,535517581.491735,180197.201662376,0,0,0
46295,0,4464.03892013588,0,0,0,0,0,0,133324.606270366,124.956832368142,0,0,0,24081.5331223325,15680.6943528404,0,4042.63121614147,0,0,0,0,0,79156.7940395956,0,0,0,0,0,31074.5571549696,166.630601996727,0,0,0,0,0,0,0,0,0,0,0,529395039.771464,178111.914112106,0,0,0
46326,0,4408.40672415516,0,0,0,0,0,0,131688.630113476,123.495115209273,0,0,0,23785.9479098086,13929.4463034491,0,3992.2354025923,0,0,0,0,0,78214.434848655,0,0,0,0,0,31250.9281308827,164.702310565827,0,0,0,0,0,0,0,0,0,0,0,523347684.881482,176050.758036283,0,0,0
46356,0,4353.49668263057,0,0,0,0,0,0,130075.097926352,122.054028282575,0,0,0,23494.2446939178,12221.1644461338,0,3942.49399277535,0,0,0,0,0,77284.4137061496,0,0,0,0,0,31349.6904053139,162.79633381061,0,0,0,0,0,0,0,0,0,0,0,517374519.269381,174013.454179387,0,0,0
46387,0,4299.29899631362,0,0,0,0,0,0,128483.328386069,120.631640782035,0,0,0,23206.3690295361,10554.972043812,0,3893.39810346218,0,0,0,0,0,76366.5484192001,0,0,0,0,0,31405.5473463887,160.912413500011,0,0,0,0,0,0,0,0,0,0,0,511474559.6351,171999.726517513,0,0,0
46418,0,4245.80400542816,0,0,0,0,0,0,126912.802403159,119.226805793649,0,0,0,22922.2672832367,8930.0094943037,0,3844.93897790933,0,0,0,0,0,75460.6455380064,0,0,0,0,0,31430.9246753769,159.05029439128,0,0,0,0,0,0,0,0,0,0,0,505646835.833815,170009.302220976,0,0,0
46446,0,4193.00218758442,0,0,0,0,0,0,125363.013575314,117.839010787942,0,0,0,22641.8866205148,7345.43394313419,0,3797.10798396583,0,0,0,0,0,74566.5408832485,0,0,0,0,0,31431.8366063822,157.209724195399,0,0,0,0,0,0,0,0,0,0,0,499890393.740173,168041.911617344,0,0,0
46477,0,4140.88415572573,0,0,0,0,0,0,123833.677881379,116.467930096868,0,0,0,22365.1749932238,5800.41915990904,0,3749.89661221044,0,0,0,0,0,73684.0839783892,0,0,0,0,0,31412.9251133539,155.390453542904,0,0,0,0,0,0,0,0,0,0,0,494204291.771056,166097.288154901,0,0,0
46507,0,4089.44065610758,0,0,0,0,0,0,122324.46160955,115.113248773455,0,0,0,22092.0811272179,4294.15497365681,0,3703.2964741181,0,0,0,0,0,72813.1110289068,0,0,0,0,0,31376.9969031374,153.592235950098,0,0,0,0,0,0,0,0,0,0,0,488587601.784443,164175.168366537,0,0,0
46538,0,4038.66256630821,0,0,0,0,0,0,120835.058776059,113.774698898363,0,0,0,21822.5545101981,2825.84705066229,0,3657.29930025515,0,0,0,0,0,71953.4615136127,0,0,0,0,0,31326.2805182774,151.814827785653,0,0,0,0,0,0,0,0,0,0,0,483039408.897675,162275.29183405,0,0,0
46568,0,3988.54089327053,0,0,0,0,0,0,119365.171056559,112.452036533652,0,0,0,21556.5453797582,1394.71658592144,0,3611.89693850283,0,0,0,0,0,71104.9773797433,0,0,0,0,0,31262.536040985,150.057988237606,0,0,0,0,0,0,0,0,0,0,0,477558811.280938,160397.401152862,0,0,0
46599,0,4543.16619019538,0,0,0,0,0,0,135806.664655849,121.469794801811,0,0,0,67071.3178191271,0,0,4112.29441272303,0,0,0,0,0,82997.1087613684,0,0,0,0,0,32012.187570872,155.135415561749,0,0,0,0,0,0,0,0,0,0,0,491606057.852554,166697.891407263,0,0,0
46630,0,4491.22775292506,0,0,0,0,0,0,134299.00210397,120.206227213079,0,0,0,66328.4408251745,0,0,4065.25961397059,0,0,0,0,0,82085.68720807,0,0,0,0,0,32445.2215489318,157.748985720109,0,0,0,0,0,0,0,0,0,0,0,486665014.051383,164996.064832893,0,0,0
46660,0,4439.9221831659,0,0,0,0,0,0,132812.604161611,118.964503991842,0,0,0,65597.5815598388,0,0,4018.79815803014,0,0,0,0,0,81185.5048783077,0,0,0,0,0,32505.7313194269,157.167813500073,0,0,0,0,0,0,0,0,0,0,0,481778513.671493,163311.612285663,0,0,0
46691,0,4389.24137372747,0,0,0,0,0,0,131345.82255472,117.746631668358,0,0,0,64877.1446364188,0,0,3972.90269795359,0,0,0,0,0,80296.4115197648,0,0,0,0,0,32471.3843920934,155.563279937039,0,0,0,0,0,0,0,0,0,0,0,476945908.704782,161644.356393314,0,0,0
46721,0,4339.1773252782,0,0,0,0,0,0,129897.221202633,116.542935269806,0,0,0,64165.8721487222,0,0,3927.56598456027,0,0,0,0,0,79418.261262218,0,0,0,0,0,32392.4516064666,153.975127132238,0,0,0,0,0,0,0,0,0,0,0,472166561.050894,159994.121594394,0,0,0
46752,0,4289.72214487016,0,0,0,0,0,0,128466.294263374,115.352266267272,0,0,0,63463.3440099799,0,0,3882.78086509952,0,0,0,0,0,78550.9093131635,0,0,0,0,0,32294.4675365305,152.403187853742,0,0,0,0,0,0,0,0,0,0,0,467439831.961348,158360.734119762,0,0,0
46783,0,4240.86804448452,0,0,0,0,0,0,127052.724291718,114.173989053982,0,0,0,62769.3080163061,0,0,3838.54028193196,0,0,0,0,0,77694.2092342143,0,0,0,0,0,32185.3109193323,150.847296576902,0,0,0,0,0,0,0,0,0,0,0,462765099.156917,156744.021974296,0,0,0
46812,0,4192.60733959719,0,0,0,0,0,0,125656.137065671,113.007851644278,0,0,0,62083.5268328744,0,0,3794.83727122914,0,0,0,0,0,76848.0211945816,0,0,0,0,0,32068.6250291358,149.30728946692,0,0,0,0,0,0,0,0,0,0,0,458141752.82107,155143.814918781,0,0,0
46843,0,4144.9324477645,0,0,0,0,0,0,124276.352981393,111.853704236832,0,0,0,61405.9111148177,0,0,3751.66496169135,0,0,0,0,0,76012.216035704,0,0,0,0,0,31946.693466398,147.783004361591,0,0,0,0,0,0,0,0,0,0,0,453569185.486995,153559.944451981,0,0,0
46873,0,4097.83588722862,0,0,0,0,0,0,122913.1360631,110.711388205097,0,0,0,60736.3296242897,0,0,3709.01657328328,0,0,0,0,0,75186.6242843021,0,0,0,0,0,31820.4372110715,146.274280754234,0,0,0,0,0,0,0,0,0,0,0,449046797.775073,151992.243792897,0,0,0
46904,0,4051.31027554238,0,0,0,0,0,0,121566.270316282,109.580770628668,0,0,0,60074.6762623313,0,0,3666.88541598736,0,0,0,0,0,74371.1125312194,0,0,0,0,0,31690.7658934332,144.780959776789,0,0,0,0,0,0,0,0,0,0,0,444574000.20648,150440.547863206,0,0,0
46934,0,4005.34832821327,0,0,0,0,0,0,120235.540234185,108.46172247399,0,0,0,59420.841596454,0,0,3625.26488857435,0,0,0,0,0,73565.5336503381,0,0,0,0,0,31558.2824396978,143.302884183086,0,0,0,0,0,0,0,0,0,0,0,440150209.427948,148904.693269876,0,0,0
46965,0,4592.66633262679,0,0,0,0,0,0,136727.505344175,117.258360554401,0,0,0,65881.6614490817,0,0,4151.8956541574,0,0,0,0,0,85513.4865797149,0,0,0,0,0,32355.1999600539,149.28357571877,0,0,0,0,0,0,0,0,0,0,0,454152358.167994,155097.023176086,0,0,0
46996,0,4551.93510301713,0,0,0,0,0,0,135497.03512667,116.28998453638,0,0,0,65287.3361969801,0,0,4115.06539843759,0,0,0,0,0,84764.8874117361,0,0,0,0,0,32821.7419500366,153.229967885227,0,0,0,0,0,0,0,0,0,0,0,450471654.644549,153854.15852788,0,0,0
47026,0,4511.58169186451,0,0,0,0,0,0,134281.801521467,115.33426373334,0,0,0,64702.110441336,0,0,4078.57686352625,0,0,0,0,0,84023.5431950526,0,0,0,0,0,32898.6769512607,154.043797227221,0,0,0,0,0,0,0,0,0,0,0,446822585.427171,152621.253532684,0,0,0
47057,0,4471.60241838425,0,0,0,0,0,0,133080.613924075,114.397629631855,0,0,0,64124.9140300272,0,0,4042.42671939881,0,0,0,0,0,83289.3731592228,0,0,0,0,0,32884.936240002,152.809372568846,0,0,0,0,0,0,0,0,0,0,0,443204859.582543,151398.228379162,0,0,0
47087,0,4431.99363946816,0,0,0,0,0,0,131891.448427569,113.473887816283,0,0,0,63553.6186197011,0,0,4006.61167012592,0,0,0,0,0,82563.2528276448,0,0,0,0,0,32831.2598629215,151.584839929914,0,0,0,0,0,0,0,0,0,0,0,439618189.044513,150185.003895544,0,0,0
47118,0,4392.75174928081,0,0,0,0,0,0,130713.898615159,112.56035770305,0,0,0,62987.8815443333,0,0,3971.12845350805,0,0,0,0,0,81846.2572715955,0,0,0,0,0,32762.9757509189,150.370120041067,0,0,0,0,0,0,0,0,0,0,0,436062288.586384,148981.501544499,0,0,0
47149,0,4353.87317886028,0,0,0,0,0,0,129547.789783162,111.655155581341,0,0,0,62427.5829729598,0,0,3935.97384071408,0,0,0,0,0,81136.4146817199,0,0,0,0,0,32685.8384095177,149.165134268172,0,0,0,0,0,0,0,0,0,0,0,432536874.980388,147787.643418053,0,0,0
47177,0,4315.35439572339,0,0,0,0,0,0,128392.860765919,110.757688626665,0,0,0,61872.5696263127,0,0,3901.14463592398,0,0,0,0,0,80433.6775711681,0,0,0,0,0,32602.9996878348,147.969804607226,0,0,0,0,0,0,0,0,0,0,0,429041669.030959,146603.352232545,0,0,0
47208,0,4277.19190347529,0,0,0,0,0,0,127249.041426787,109.867721077108,0,0,0,61322.8157794645,0,0,3866.63767597539,0,0,0,0,0,79737.9779282218,0,0,0,0,0,32516.2514784309,146.784053679308,0,0,0,0,0,0,0,0,0,0,0,425576393.859544,145428.551323623,0,0,0
47238,0,4239.38224142341,0,0,0,0,0,0,126116.210399223,108.9850735815,0,0,0,60778.2645734766,0,0,3832.44983001424,0,0,0,0,0,79049.236303489,0,0,0,0,0,32426.4561803398,145.607804725573,0,0,0,0,0,0,0,0,0,0,0,422140775.305401,144263.164641284,0,0,0
47269,0,4201.92198419571,0,0,0,0,0,0,124994.251365247,108.109638399871,0,0,0,60238.8624824083,0,0,3798.57799914919,0,0,0,0,0,78367.3788940345,0,0,0,0,0,32334.1338619814,144.440981602276,0,0,0,0,0,0,0,0,0,0,0,418734541.904149,143107.116744946,0,0,0
47299,0,4164.80774136318,0,0,0,0,0,0,123883.050077408,107.241340142039,0,0,0,59704.5565773448,0,0,3765.01911610988,0,0,0,0,0,77692.3301655935,0,0,0,0,0,32239.6697253233,143.283508775851,0,0,0,0,0,0,0,0,0,0,0,415357424.858687,141960.33279857,0,0,0
47330,0,4791.3181416184,0,0,0,0,0,0,136393.888391638,115.776081788458,0,0,0,64927.0218994112,0,0,4331.90152222639,0,0,0,0,0,86182.6996558558,0,0,0,0,0,33029.7553592445,149.508697248913,0,0,0,0,0,0,0,0,0,0,0,428740672.825237,147859.532461344,0,0,0
47361,0,4748.66133488573,0,0,0,0,0,0,135166.829165622,114.810068700378,0,0,0,64340.2288664885,0,0,4293.32636875791,0,0,0,0,0,85434.4856443162,0,0,0,0,0,33504.9933772669,153.402157260121,0,0,0,0,0,0,0,0,0,0,0,425276495.690899,146670.35709199,0,0,0
47391,0,4706.4007543832,0,0,0,0,0,0,133955.020176581,113.860220282638,0,0,0,63762.666796131,0,0,4255.10961862788,0,0,0,0,0,84693.795058218,0,0,0,0,0,33600.6542563394,154.01462986633,0,0,0,0,0,0,0,0,0,0,0,421841964.157729,145490.745786822,0,0,0
47422,0,4664.53254428254,0,0,0,0,0,0,132757.316123931,112.931686637638,0,0,0,63193.1874787641,0,0,4217.24778314322,0,0,0,0,0,83960.5525811848,0,0,0,0,0,33601.8838022196,152.775951498365,0,0,0,0,0,0,0,0,0,0,0,418436806.98902,144320.62162588,0,0,0
47452,0,4623.05288810136,0,0,0,0,0,0,131571.663839136,112.015596713819,0,0,0,62629.5871284991,0,0,4179.73740921971,0,0,0,0,0,83234.6837716087,0,0,0,0,0,33561.1571133851,151.547235327502,0,0,0,0,0,0,0,0,0,0,0,415060755.609095,143159.908307838,0,0,0
47483,0,4581.95800828323,0,0,0,0,0,0,130397.631141361,111.109469728172,0,0,0,62071.5057140152,0,0,4142.57507900188,0,0,0,0,0,82516.1073386672,0,0,0,0,0,33503.7015742034,150.328401231755,0,0,0,0,0,0,0,0,0,0,0,411713544.076342,142008.530145033,0,0,0
47514,0,4541.2441657826,0,0,0,0,0,0,129235.02379821,110.211621200332,0,0,0,61518.8095874543,0,0,4105.75740948723,0,0,0,0,0,81804.7403556489,0,0,0,0,0,33436.6039477258,149.119369733526,0,0,0,0,0,0,0,0,0,0,0,408394908.915944,140866.412058525,0,0,0
47542,0,4500.90765965413,0,0,0,0,0,0,128083.569742321,109.321514772595,0,0,0,60971.3384178658,0,0,4069.28105215449,0,0,0,0,0,81100.5120500264,0,0,0,0,0,33363.0321526325,147.920061994426,0,0,0,0,0,0,0,0,0,0,0,405104589.739669,139733.479573208,0,0,0
47573,0,4460.94482664666,0,0,0,0,0,0,126943.199866569,108.438925597005,0,0,0,60429.0685994864,0,0,4033.14269259611,0,0,0,0,0,80403.3440391714,0,0,0,0,0,33284.9263501151,146.730399810129,0,0,0,0,0,0,0,0,0,0,0,401842328.334427,138609.658812947,0,0,0
47603,0,4421.35204080174,0,0,0,0,0,0,125813.789326048,107.56367602019,0,0,0,59891.9400176684,0,0,3997.33905015477,0,0,0,0,0,79713.1662581026,0,0,0,0,0,33203.2159212895,145.550305605277,0,0,0,0,0,0,0,0,0,0,0,398607869.009997,137494.876495763,0,0,0
47634,0,4382.12571305648,0,0,0,0,0,0,124695.22061457,106.695655982887,0,0,0,59359.8985226261,0,0,3961.86687756394,0,0,0,0,0,79029.9095277292,0,0,0,0,0,33118.4772459807,144.379702428421,0,0,0,0,0,0,0,0,0,0,0,395400958.577207,136389.059929058,0,0,0
47664,0,4343.2622908509,0,0,0,0,0,0,123587.378496396,105.834787070302,0,0,0,58832.8906281739,0,0,3926.72296059237,0,0,0,0,0,78353.495803126,0,0,0,0,0,33031.1591974208,143.218513946999,0,0,0,0,0,0,0,0,0,0,0,392221346.321153,135292.137004867,0,0,0
47695,0,5010.19064970977,0,0,0,0,0,0,136018.091216596,111.462095952386,0,0,0,63796.729754515,0,0,4530.23373009567,0,0,0,0,0,87032.1422552406,0,0,0,0,0,33385.5964457689,146.811462834646,0,0,0,0,0,0,0,0,0,0,0,404616543.444487,140909.56672315,0,0,0
47726,0,4965.35863837776,0,0,0,0,0,0,134792.65303482,110.551704663051,0,0,0,63216.1691041532,0,0,4489.68749141842,0,0,0,0,0,86281.2650926404,0,0,0,0,0,33887.9623627819,148.919105793355,0,0,0,0,0,0,0,0,0,0,0,401355515.666973,139771.653603135,0,0,0
47756,0,4920.94425881941,0,0,0,0,0,0,133582.482339611,109.649669487786,0,0,0,62645.128527102,0,0,4449.5190546021,0,0,0,0,0,85537.9698257463,0,0,0,0,0,34001.1759753203,148.922142899487,0,0,0,0,0,0,0,0,0,0,0,398122293.667393,138642.929683675,0,0,0
47787,0,4876.94344453921,0,0,0,0,0,0,132387.201830765,108.75780147367,0,0,0,62083.2935922171,0,0,4409.72474001057,0,0,0,0,0,84802.1778530235,0,0,0,0,0,34014.6787126649,147.71952433918,0,0,0,0,0,0,0,0,0,0,0,394916624.166555,137523.320757516,0,0,0
47817,0,4833.35217048006,0,0,0,0,0,0,131204.243818386,107.875191210258,0,0,0,61527.6715992867,0,0,4370.30090551357,0,0,0,0,0,84073.8010921003,0,0,0,0,0,33982.5376371337,146.526617507254,0,0,0,0,0,0,0,0,0,0,0,391738256.359016,136412.753216666,0,0,0
47848,0,4790.16645258233,0,0,0,0,0,0,130033.033077048,107.000947533466,0,0,0,60977.70283909,0,0,4331.24394608749,0,0,0,0,0,83352.7679644572,0,0,0,0,0,33931.733343198,145.343343976788,0,0,0,0,0,0,0,0,0,0,0,388586941.888574,135311.154047551,0,0,0
47879,0,4747.38234734764,0,0,0,0,0,0,128873.29406493,106.134278019533,0,0,0,60433.1422229038,0,0,4292.55029342047,0,0,0,0,0,82638.997574501,0,0,0,0,0,33870.1811275793,144.1696259542,0,0,0,0,0,0,0,0,0,0,0,385462434.4398,134218.450826218,0,0,0
47907,0,4704.99595140761,0,0,0,0,0,0,127724.718923695,105.274898885757,0,0,0,59893.7868913386,0,0,4254.21641552199,0,0,0,0,0,81932.4027961399,0,0,0,0,0,33801.4097682257,143.005386274128,0,0,0,0,0,0,0,0,0,0,0,382364490.813321,133134.571713572,0,0,0
47938,0,4663.00340109728,0,0,0,0,0,0,126587.231409791,104.422669073287,0,0,0,59359.6019727515,0,0,4216.23881633667,0,0,0,0,0,81232.9331996753,0,0,0,0,0,33727.5558071747,141.850548394356,0,0,0,0,0,0,0,0,0,0,0,379292869.845365,132059.445450654,0,0,0
47968,0,4621.40087203327,0,0,0,0,0,0,125460.699861402,103.577463576869,0,0,0,58830.5193826087,0,0,4178.61403536243,0,0,0,0,0,80540.5183982039,0,0,0,0,0,33649.6510607582,140.705036390786,0,0,0,0,0,0,0,0,0,0,0,376247332.718508,130993.001353956,0,0,0
47999,0,4580.18457869664,0,0,0,0,0,0,124345.002833451,102.739198484891,0,0,0,58306.480431332,0,0,4141.33864727275,0,0,0,0,0,79855.0762713663,0,0,0,0,0,33568.3216727968,139.568774952442,0,0,0,0,0,0,0,0,0,0,0,373227642.940357,129935.169310773,0,0,0
48029,0,4539.35077402028,0,0,0,0,0,0,123240.023296085,101.90781028357,0,0,0,57787.429925301,0,0,4104.40926154327,0,0,0,0,0,79176.5355511592,0,0,0,0,0,33484.0759795152,138.441689376522,0,0,0,0,0,0,0,0,0,0,0,370233566.319278,128885.879774595,0,0,0
48060,0,5277.88330446888,0,0,0,0,0,0,134082.41098669,107.310594589284,0,0,0,60319.0405582456,0,0,4772.90108905727,0,0,0,0,0,87955.2688356006,0,0,0,0,0,31677.0668148177,141.883467855976,0,0,0,0,0,0,0,0,0,0,0,381021096.724554,134232.460452836,0,0,0
48091,0,5230.33945218119,0,0,0,0,0,0,132874.796446556,106.431035055952,0,0,0,59769.7896012464,0,0,4729.89652451221,0,0,0,0,0,87200.0223134936,0,0,0,0,0,32175.3956628068,143.019865056942,0,0,0,0,0,0,0,0,0,0,0,377958158.553645,133143.651102776,0,0,0
48121,0,5183.24054766811,0,0,0,0,0,0,131682.145520441,105.568126803359,0,0,0,59229.3521990716,0,0,4687.29452585843,0,0,0,0,0,86452.4540966341,0,0,0,0,0,32318.7625437054,141.635563286563,0,0,0,0,0,0,0,0,0,0,0,374921248.467797,132063.673489814,0,0,0
48152,0,5136.58224839607,0,0,0,0,0,0,130503.60549319,104.719900079366,0,0,0,58696.9024905864,0,0,4645.09116318121,0,0,0,0,0,85712.4872734925,0,0,0,0,0,32368.274055553,140.486704619388,0,0,0,0,0,0,0,0,0,0,0,371910130.249692,130992.455976451,0,0,0
48182,0,5090.36025609044,0,0,0,0,0,0,129337.212406388,103.875700080467,0,0,0,58170.3751418077,0,0,4603.28254662944,0,0,0,0,0,84980.0357299738,0,0,0,0,0,32373.731287728,139.347164771629,0,0,0,0,0,0,0,0,0,0,0,368924569.982606,129929.927506263,0,0,0
48213,0,5044.57031626522,0,0,0,0,0,0,128182.447833011,103.036101281462,0,0,0,57649.2870387588,0,0,4561.8648259897,0,0,0,0,0,84255.0220691246,0,0,0,0,0,32360.5741542589,138.216868154881,0,0,0,0,0,0,0,0,0,0,0,365964336.027411,128876.017599195,0,0,0
48244,0,4999.2082177578,0,0,0,0,0,0,127039.041362636,102.202536900157,0,0,0,57133.3946030206,0,0,4520.83419026512,0,0,0,0,0,83536.7470162857,0,0,0,0,0,32336.3015342883,137.095739793862,0,0,0,0,0,0,0,0,0,0,0,363029198.639741,127830.656346878,0,0,0
48273,0,4954.26979226897,0,0,0,0,0,0,125906.675563258,101.375360461791,0,0,0,56622.484715318,0,0,4480.18686725881,0,0,0,0,0,82825.7120077143,0,0,0,0,0,32304.227685105,135.983705321445,0,0,0,0,0,0,0,0,0,0,0,360118931.155072,126793.774408,0,0,0
48304,0,4909.75091390794,0,0,0,0,0,0,124785.276819847,100.554664433292,0,0,0,56116.5242446863,0,0,4439.919123162,0,0,0,0,0,82121.8989243476,0,0,0,0,0,32266.5368162431,134.880690973721,0,0,0,0,0,0,0,0,0,0,0,357233308.619822,125765.303003698,0,0,0
48334,0,4865.64749874237,0,0,0,0,0,0,123674.709404658,99.7404669309179,0,0,0,55615.4398611543,0,0,4400.02726214656,0,0,0,0,0,81425.2356498562,0,0,0,0,0,32224.2900855774,133.786623585108,0,0,0,0,0,0,0,0,0,0,0,354372108.26223,124745.173913003,0,0,0
48365,0,4821.95550435339,0,0,0,0,0,0,122574.850693086,98.9327535918465,0,0,0,55119.1717433585,0,0,4360.50762596219,0,0,0,0,0,80735.6374577315,0,0,0,0,0,32178.1293274664,132.701430583497,0,0,0,0,0,0,0,0,0,0,0,351535109.473111,123733.31946831,0,0,0
48395,0,4778.6709293955,0,0,0,0,0,0,121485.582722562,98.1314984167121,0,0,0,54627.6640547541,0,0,4321.3565935379,0,0,0,0,0,80053.0337221938,0,0,0,0,0,32128.5652080612,131.625039985439,0,0,0,0,0,0,0,0,0,0,0,348722093.782562,122729.672550891,0,0,0
48426,0,5561.93761020896,0,0,0,0,0,0,134200.698283008,103.320868542331,0,0,0,59983.5503307127,0,0,5030.50348896986,0,0,0,0,0,89073.4779321447,0,0,0,0,0,32853.7647740251,134.937120637381,0,0,0,0,0,0,0,0,0,0,0,360363613.880505,127815.670122902,0,0,0
48457,0,5511.43862349621,0,0,0,0,0,0,132990.944133616,102.472296137798,0,0,0,59435.7317340373,0,0,4984.81903816041,0,0,0,0,0,88311.9970258096,0,0,0,0,0,33324.8551123047,135.953715082346,0,0,0,0,0,0,0,0,0,0,0,357471384.781055,126773.747378214,0,0,0
48487,0,5461.41515104752,0,0,0,0,0,0,131796.362538105,101.640069441627,0,0,0,58896.9152630908,0,0,4939.56487405981,0,0,0,0,0,87558.3505150302,0,0,0,0,0,33453.9248894074,134.526905614323,0,0,0,0,0,0,0,0,0,0,0,354603667.877912,125740.318138313,0,0,0
48518,0,5411.86253295203,0,0,0,0,0,0,130615.936585779,100.821895543957,0,0,0,58366.1340414184,0,0,4894.73677889478,0,0,0,0,0,86812.4502164661,0,0,0,0,0,33491.1021331685,133.430274484531,0,0,0,0,0,0,0,0,0,0,0,351760241.44716,124715.31316618,0,0,0
48548,0,5362.77615689217,0,0,0,0,0,0,129447.735947164,100.007038088341,0,0,0,57841.3244106347,0,0,4850.33057798024,0,0,0,0,0,86074.2157575875,0,0,0,0,0,33484.1084527347,132.342582829183,0,0,0,0,0,0,0,0,0,0,0,348940885.918066,123698.6637892,0,0,0
48579,0,5314.15145763759,0,0,0,0,0,0,128291.224068471,99.196435354469,0,0,0,57321.9812671449,0,0,4806.34213926098,0,0,0,0,0,85343.5700525455,0,0,0,0,0,33458.2083614281,131.263757775825,0,0,0,0,0,0,0,0,0,0,0,346145383.851276,122690.301894563,0,0,0
48610,0,5265.98391654472,0,0,0,0,0,0,127146.118444463,98.3915393316732,0,0,0,56807.8467119157,0,0,4762.76737285859,0,0,0,0,0,84620.4235124993,0,0,0,0,0,33430.837237773,130.193727046038,0,0,0,0,0,0,0,0,0,0,0,343373517.029662,121690.159924697,0,0,0
48638,0,5218.26906106179,0,0,0,0,0,0,126011.835302586,97.5927268618415,0,0,0,56298.4488576369,0,0,4719.60223062318,0,0,0,0,0,83903.1169971518,0,0,0,0,0,33403.32923347,129.132418950603,0,0,0,0,0,0,0,0,0,0,0,340625072.885966,120698.170872742,0,0,0
48669,0,5171.00246423938,0,0,0,0,0,0,124888.360706372,96.8001028990797,0,0,0,55793.8097979506,0,0,4676.84270569016,0,0,0,0,0,83193.065414056,0,0,0,0,0,33375.9535438369,128.079762384693,0,0,0,0,0,0,0,0,0,0,0,337899840.293553,119714.268278064,0,0,0
48699,0,5124.17974424634,0,0,0,0,0,0,123775.612413564,96.0137028139132,0,0,0,55293.9059914455,0,0,4634.48483204188,0,0,0,0,0,82490.0766079059,0,0,0,0,0,33348.858011803,127.035686823109,0,0,0,0,0,0,0,0,0,0,0,335197610.16653,118738.386221798,0,0,0
48730,0,5077.79656389097,0,0,0,0,0,0,122673.491304996,95.2335244412101,0,0,0,54798.7003358638,0,0,4592.5246840741,0,0,0,0,0,81794.0766296301,0,0,0,0,0,33322.0668852784,126.000122315559,0,0,0,0,0,0,0,0,0,0,0,332518175.440343,117770.459322436,0,0,0
48760,0,5031.84863014757,0,0,0,0,0,0,121581.896157432,94.4595492626174,0,0,0,54308.1535925506,0,0,4550.95837616722,0,0,0,0,0,81104.9923825742,0,0,0,0,0,33295.6240944428,124.972999481968,0,0,0,0,0,0,0,0,0,0,0,329861331.052109,116810.422731442,0,0,0
48791,0,5898.75689966471,0,0,0,0,0,0,132442.951718137,99.44023609963,0,0,0,56903.1061995095,0,0,5336.01036288337,0,0,0,0,0,90198.9951701636,0,0,0,0,0,30313.5647013554,128.158736766898,0,0,0,0,0,0,0,0,0,0,0,339297668.04661,121645.79955119,0,0,0
48822,0,5844.64707958622,0,0,0,0,0,0,131255.130074871,98.6195323907224,0,0,0,56390.7966659903,0,0,5287.05075938843,0,0,0,0,0,89430.6730901531,0,0,0,0,0,30755.0404908842,129.960345229016,0,0,0,0,0,0,0,0,0,0,0,336582365.092749,120648.892554567,0,0,0
48852,0,5791.05141452241,0,0,0,0,0,0,130080.52260398,97.8059969480338,0,0,0,55885.5724358734,0,0,5238.55649330256,0,0,0,0,0,88670.0616163391,0,0,0,0,0,30912.7382137573,129.849385196095,0,0,0,0,0,0,0,0,0,0,0,333889984.576149,119660.155371974,0,0,0
48883,0,5737.96482804235,0,0,0,0,0,0,128918.759820634,97.0015422818129,0,0,0,55386.8157203717,0,0,5190.52296899194,0,0,0,0,0,87917.0709126487,0,0,0,0,0,30993.598911563,128.785248488647,0,0,0,0,0,0,0,0,0,0,0,331220320.079229,118679.521050465,0,0,0
48913,0,5685.38229586172,0,0,0,0,0,0,127768.726403461,96.2053008954078,0,0,0,54893.3585206486,0,0,5142.94563804215,0,0,0,0,0,87171.6218714885,0,0,0,0,0,31037.6223904226,127.729832553581,0,0,0,0,0,0,0,0,0,0,0,328573167.180941,117706.923185783,0,0,0
48944,0,5633.298845286,0,0,0,0,0,0,126630.02909146,95.4161129841825,0,0,0,54404.8556811113,0,0,5095.81999875386,0,0,0,0,0,86433.636474656,0,0,0,0,0,31066.3783515139,126.683065922757,0,0,0,0,0,0,0,0,0,0,0,325948323.436202,116742.295917864,0,0,0
48975,0,5581.70955465992,0,0,0,0,0,0,125502.461182252,94.6336330823574,0,0,0,53921.1356733769,0,0,5049.14159564419,0,0,0,0,0,85703.0258102867,0,0,0,0,0,31085.6119900173,125.644877713727,0,0,0,0,0,0,0,0,0,0,0,323345587.785815,115785.573926379,0,0,0
49003,0,5530.60955282286,0,0,0,0,0,0,124385.744762591,93.8576740798421,0,0,0,53442.03198153,0,0,5002.90601895347,0,0,0,0,0,84979.7794553935,0,0,0,0,0,31097.8340324306,124.615197624938,0,0,0,0,0,0,0,0,0,0,0,320764762.26561,114836.69242631,0,0,0
49034,0,5479.99401857042,0,0,0,0,0,0,123279.819739853,93.0881327699184,0,0,0,52967.5261119984,0,0,4957.10890415754,0,0,0,0,0,84263.8020704354,0,0,0,0,0,31104.9401684758,123.593955930969,0,0,0,0,0,0,0,0,0,0,0,318205650.237605,113895.587163562,0,0,0
49064,0,5429.85818012182,0,0,0,0,0,0,122184.554500981,92.324929589563,0,0,0,52497.5525033849,0,0,4911.74593148545,0,0,0,0,0,83555.0367605927,0,0,0,0,0,31107.83923304,122.58108347781,0,0,0,0,0,0,0,0,0,0,0,315668056.957003,112962.194410612,0,0,0
49095,0,5380.19731459325,0,0,0,0,0,0,121099.829219399,91.568007586302,0,0,0,52032.0568916402,0,0,4866.8128254424,0,0,0,0,0,82853.4056075212,0,0,0,0,0,31107.0589023924,121.576511678179,0,0,0,0,0,0,0,0,0,0,0,313151789.555802,112036.450962196,0,0,0
49125,0,5331.00674747703,0,0,0,0,0,0,120025.52831583,90.8173035884049,0,0,0,51570.988422704,0,0,4822.30535433806,0,0,0,0,0,82158.8298748625,0,0,0,0,0,31103.029482381,120.580172506879,0,0,0,0,0,0,0,0,0,0,0,310656657.022646,111118.294131027,0,0,0
49156,0,6230.86528065583,0,0,0,0,0,0,132850.1388011,95.5882626384414,0,0,0,56864.4255289433,0,0,5637.49636296827,0,0,0,0,0,91346.3634537743,0,0,0,0,0,31740.773785794,123.625859274306,0,0,0,0,0,0,0,0,0,0,0,321222546.552925,115712.454373053,0,0,0
49187,0,6173.01460321673,0,0,0,0,0,0,131656.854106533,94.7923193905665,0,0,0,56350.7224678194,0,0,5585.14121978205,0,0,0,0,0,90568.1617690518,0,0,0,0,0,32175.8170032412,125.175498894365,0,0,0,0,0,0,0,0,0,0,0,318653649.392384,114758.627724445,0,0,0
49217,0,6115.71982809785,0,0,0,0,0,0,130476.894185553,94.0053486623238,0,0,0,55844.2625828301,0,0,5533.28930695722,0,0,0,0,0,89797.8683678609,0,0,0,0,0,32325.3233218401,124.803302601529,0,0,0,0,0,0,0,0,0,0,0,316106406.286802,113812.66354216,0,0,0
49248,0,6058.9754119309,0,0,0,0,0,0,129310.071780571,93.2283001728064,0,0,0,55344.5147992813,0,0,5481.93560501537,0,0,0,0,0,89035.3998238382,0,0,0,0,0,32391.1322740144,123.774539392759,0,0,0,0,0,0,0,0,0,0,0,313580622.620348,112874.497015284,0,0,0
49278,0,6002.77586877005,0,0,0,0,0,0,128155.204978413,92.4583553779295,0,0,0,54850.2256055359,0,0,5431.07514648685,0,0,0,0,0,88280.67384183,0,0,0,0,0,32416.6767318177,122.754256358131,0,0,0,0,0,0,0,0,0,0,0,311076105.656471,111944.063867144,0,0,0
49309,0,5947.11576947464,0,0,0,0,0,0,127011.842774824,91.6948399899929,0,0,0,54361.0005071725,0,0,5380.70301535147,0,0,0,0,0,87533.6042249973,0,0,0,0,0,32425.0308565482,121.742383594921,0,0,0,0,0,0,0,0,0,0,0,308592664.519057,111021.300350905,0,0,0
49340,0,5891.98974109878,0,0,0,0,0,0,125879.668713692,90.9377464528637,0,0,0,53876.5892488287,0,0,5330.81434648557,0,0,0,0,0,86794.1024774756,0,0,0,0,0,32431.1677399491,120.738851776613,0,0,0,0,0,0,0,0,0,0,0,306130109.585132,110106.143245203,0,0,0
49368,0,5837.39246628762,0,0,0,0,0,0,124758.282619309,90.1869905455924,0,0,0,53396.5539006406,0,0,5281.40432511507,0,0,0,0,0,86062.0859601232,0,0,0,0,0,32435.8367790403,119.743592148159,0,0,0,0,0,0,0,0,0,0,0,303688254.133059,109198.529849811,0,0,0
49399,0,5783.31868268047,0,0,0,0,0,0,123647.602721496,89.4424986788587,0,0,0,52920.9068313545,0,0,5232.46818627477,0,0,0,0,0,85337.5875806813,0,0,0,0,0,32439.2326482473,118.756536521263,0,0,0,0,0,0,0,0,0,0,0,301266912.754028,108298.397981346,0,0,0
49429,0,5729.76318232047,0,0,0,0,0,0,122547.545502542,88.7042076010217,0,0,0,52449.6581871726,0,0,5184.00121427351,0,0,0,0,0,84620.5288585075,0,0,0,0,0,32441.5167387625,117.777617269709,0,0,0,0,0,0,0,0,0,0,0,298865901.821585,107405.685969006,0,0,0
49460,0,5676.72081107083,0,0,0,0,0,0,121458.011129293,87.9720611110708,0,0,0,51982.7858906684,0,0,5135.9987421654,0,0,0,0,0,83910.8323996788,0,0,0,0,0,32442.7123557016,116.806767324732,0,0,0,0,0,0,0,0,0,0,0,296485039.475362,106520.332650349,0,0,0
49490,0,5624.18646803755,0,0,0,0,0,0,120378.89738469,87.2459936800399,0,0,0,51520.2610510282,0,0,5088.45615122682,0,0,0,0,0,83208.415267171,0,0,0,0,0,32442.8847452824,115.843920170416,0,0,0,0,0,0,0,0,0,0,0,294124145.603344,105642.277367096,0,0,0
49521,0,6379.24624021345,0,0,0,0,0,0,132014.742694334,91.8139776643263,0,0,0,54595.5419787996,0,0,5772.19142475142,0,0,0,0,0,92615.9065580616,0,0,0,0,0,30665.5507344291,118.756673348149,0,0,0,0,0,0,0,0,0,0,0,303297238.823228,110004.216491446,0,0,0
49552,0,6319.46153930883,0,0,0,0,0,0,130830.358663344,91.0448567050994,0,0,0,54106.765260255,0,0,5718.08108294904,0,0,0,0,0,91826.3788775796,0,0,0,0,0,31054.4106715734,120.112665758732,0,0,0,0,0,0,0,0,0,0,0,300873869.59832,109091.675069113,0,0,0
49582,0,6260.25682484935,0,0,0,0,0,0,129658.146277338,90.2858573258724,0,0,0,53623.1650145464,0,0,5664.49582850698,0,0,0,0,0,91045.0469083736,0,0,0,0,0,31196.6203547178,119.562123053775,0,0,0,0,0,0,0,0,0,0,0,298470900.416225,108186.703646131,0,0,0
49613,0,6201.62625748328,0,0,0,0,0,0,128498.296926988,89.5371349614609,0,0,0,53144.9585497483,0,0,5611.43037330539,0,0,0,0,0,90271.8220319654,0,0,0,0,0,31271.636448052,118.570293892052,0,0,0,0,0,0,0,0,0,0,0,296088148.172758,107289.239425472,0,0,0
49643,0,6143.56405892996,0,0,0,0,0,0,127350.044948201,88.7945557597598,0,0,0,52671.6003612173,0,0,5558.87948454524,0,0,0,0,0,89506.6150242228,0,0,0,0,0,31314.4657717157,117.586692462164,0,0,0,0,0,0,0,0,0,0,0,293725431.53151,106399.220131039,0,0,0
49674,0,6086.06451131706,0,0,0,0,0,0,126213.101086373,88.0578044071159,0,0,0,52202.9100884557,0,0,5506.83798414779,0,0,0,0,0,88749.3427061694,0,0,0,0,0,31343.2207849094,116.611250510853,0,0,0,0,0,0,0,0,0,0,0,291382570.905489,105516.58400335,0,0,0
49705,0,6029.1219565252,0,0,0,0,0,0,125087.246486636,87.327103259334,0,0,0,51738.7614128413,0,0,5455.30074816085,0,0,0,0,0,87999.9165104909,0,0,0,0,0,31363.3029255931,115.643900351057,0,0,0,0,0,0,0,0,0,0,0,289059388.113572,104641.269795247,0,0,0
49734,0,5972.73079553999,0,0,0,0,0,0,123972.328237216,86.6024519400417,0,0,0,51279.0797641011,0,0,5404.2627061716,0,0,0,0,0,87258.2530953559,0,0,0,0,0,31377.2395239103,114.684574857214,0,0,0,0,0,0,0,0,0,0,0,286755707.452116,103773.216767652,0,0,0
49765,0,5916.88548781129,0,0,0,0,0,0,122868.219829282,85.8838101836432,0,0,0,50823.8105939756,0,0,5353.7188407261,0,0,0,0,0,86524.2806352355,0,0,0,0,0,31386.6067980047,113.733207460602,0,0,0,0,0,0,0,0,0,0,0,284471354.474581,102912.364685344,0,0,0
49795,0,5861.58055061969,0,0,0,0,0,0,121774.794845972,85.1711365163968,0,0,0,50372.8989925699,0,0,5303.66418675526,0,0,0,0,0,85797.6541149965,0,0,0,0,0,31392.1444145315,112.78973214472,0,0,0,0,0,0,0,0,0,0,0,282206156.410978,102058.65381279,0,0,0
49826,0,5806.81055845007,0,0,0,0,0,0,120691.934822745,84.4643861681942,0,0,0,49926.2958872176,0,0,5254.09383100733,0,0,0,0,0,85078.2966632455,0,0,0,0,0,31394.3044715133,111.854083440709,0,0,0,0,0,0,0,0,0,0,0,279959942.152676,101212.024909988,0,0,0
49856,0,5752.57014237222,0,0,0,0,0,0,119619.524329845,83.7635028565124,0,0,0,49483.954030488,0,0,5205.00291148658,0,0,0,0,0,84366.1260135526,0,0,0,0,0,31393.4510215393,110.926196422809,0,0,0,0,0,0,0,0,0,0,0,277732542.234694,100372.419228366,0,0,0
49887,0,6077.21135304522,0,0,0,0,0,0,132718.157205164,89.5101052868359,0,0,0,54303.1898979768,0,0,5499.41548242821,0,0,0,0,0,93417.0426604418,0,0,0,0,0,31915.2227411819,114.299853741945,0,0,0,0,0,0,0,0,0,0,0,286544306.522951,104510.763787015,0,0,0
49918,0,6019.71306303171,0,0,0,0,0,0,131523.742154449,88.7494900607162,0,0,0,53815.1513159482,0,0,5447.36716976138,0,0,0,0,0,92613.1840699462,0,0,0,0,0,32293.4492795172,115.864198847878,0,0,0,0,0,0,0,0,0,0,0,284255586.435214,103637.83987402,0,0,0
49948,0,5962.77970284628,0,0,0,0,0,0,130341.818132522,88.0020213902424,0,0,0,53332.4395471543,0,0,5395.83041084378,0,0,0,0,0,91817.7464453452,0,0,0,0,0,32439.6605284208,115.272165831605,0,0,0,0,0,0,0,0,0,0,0,281986119.071202,102772.207039285,0,0,0
49979,0,5906.40549415392,0,0,0,0,0,0,129172.308445904,87.2680317904715,0,0,0,52855.0743993685,0,0,5344.79997156154,0,0,0,0,0,91030.6418904525,0,0,0,0,0,32521.0895590281,114.309357538842,0,0,0,0,0,0,0,0,0,0,0,279735731.731343,101913.804384237,0,0,0
50009,0,5850.58472017179,0,0,0,0,0,0,128014.510556898,86.5400263058752,0,0,0,52382.5580293078,0,0,5294.27067357301,0,0,0,0,0,90251.7772491823,0,0,0,0,0,32571.7948998403,113.354591081693,0,0,0,0,0,0,0,0,0,0,0,277504253.384693,101062.571518954,0,0,0
50040,0,5795.31172498768,0,0,0,0,0,0,126868.147055044,85.8176676342534,0,0,0,51914.7176323606,0,0,5244.23739369113,0,0,0,0,0,89481.0703632792,0,0,0,0,0,32608.8151634368,112.407799290901,0,0,0,0,0,0,0,0,0,0,0,275291514.651218,100218.448557921,0,0,0
50071,0,5740.58091288634,0,0,0,0,0,0,125733.005244106,85.1012115482049,0,0,0,51451.4307869708,0,0,5194.69506327279,0,0,0,0,0,88718.4336684139,0,0,0,0,0,32637.6283913581,111.468915558234,0,0,0,0,0,0,0,0,0,0,0,273097347.11533,99381.3761158158,0,0,0
50099,0,5686.38674768356,0,0,0,0,0,0,124608.930450316,84.3906813075889,0,0,0,50992.6220109521,0,0,5145.63866761536,0,0,0,0,0,87952.8978140709,0,0,0,0,0,32648.8654289251,110.537873831807,0,0,0,0,0,0,0,0,0,0,0,270921585.260976,98551.2953033296,0,0,0
50130,0,5632.72375206784,0,0,0,0,0,0,123495.795428039,83.6860490085432,0,0,0,50538.2372716817,0,0,5097.06324535991,0,0,0,0,0,87194.8988580547,0,0,0,0,0,32655.4355554245,109.614608611431,0,0,0,0,0,0,0,0,0,0,0,268764064.562774,97728.1477230262,0,0,0
50160,0,5579.58650694959,0,0,0,0,0,0,122393.471316808,82.9872808935608,0,0,0,50088.2206821322,0,0,5048.96388790148,0,0,0,0,0,86444.3254668416,0,0,0,0,0,32658.080741103,108.699054944007,0,0,0,0,0,0,0,0,0,0,0,266624622.077151,96911.8754652325,0,0,0
50191,0,5526.9696508178,0,0,0,0,0,0,121301.83761209,82.294336494752,0,0,0,49642.5227081005,0,0,5001.33573880595,0,0,0,0,0,85701.0964062031,0,0,0,0,0,32657.24950948,107.791148418953,0,0,0,0,0,0,0,0,0,0,0,264503096.427659,96102.4211039647,0,0,0
50221,0,5474.86787910409,0,0,0,0,0,0,120220.776869077,81.6071642163209,0,0,0,49201.0956399603,0,0,4954.17399323365,0,0,0,0,0,84965.1289205583,0,0,0,0,0,32653.2812019077,106.890825163677,0,0,0,0,0,0,0,0,0,0,0,262399327.78849,95299.7276928884,0,0,0
50252,0,6447.9958751796,0,0,0,0,0,0,133463.060157265,85.9716476256999,0,0,0,54452.1376715368,0,0,5836.24861994789,0,0,0,0,0,94522.5957399666,0,0,0,0,0,32972.6626863976,110.599505386658,0,0,0,0,0,0,0,0,0,0,0,271523303.009805,99222.696332065,0,0,0
50283,0,6386.19117578787,0,0,0,0,0,0,132257.319213715,85.2310190144722,0,0,0,53960.2700121685,0,0,5780.28844670034,0,0,0,0,0,93693.8989340596,0,0,0,0,0,33333.6760066327,112.308179653287,0,0,0,0,0,0,0,0,0,0,0,269353129.737312,98387.7639402127,0,0,0
50313,0,6325.00135071818,0,0,0,0,0,0,131064.405593149,84.5057260894748,0,0,0,53473.9371731826,0,0,5724.8851990622,0,0,0,0,0,92873.4302255348,0,0,0,0,0,33481.3769268516,111.678459995406,0,0,0,0,0,0,0,0,0,0,0,267201217.754974,97559.8572806247,0,0,0
50344,0,6264.42003577327,0,0,0,0,0,0,129883.894563897,83.7961899857911,0,0,0,52992.868998875,0,0,5670.03311061029,0,0,0,0,0,92060.4584602263,0,0,0,0,0,33565.5484161646,110.738715691237,0,0,0,0,0,0,0,0,0,0,0,265067403.201068,96738.9172336473,0,0,0
50374,0,6204.4409353167,0,0,0,0,0,0,128715.251290984,83.0923981244382,0,0,0,52516.7081119917,0,0,5615.72647706299,0,0,0,0,0,91254.9040302442,0,0,0,0,0,33619.0658981329,109.806879083479,0,0,0,0,0,0,0,0,0,0,0,262951523.799021,95924.8851771027,0,0,0
50405,0,6145.05782150542,0,0,0,0,0,0,127558.210354876,82.3940309182662,0,0,0,52045.2918399975,0,0,5561.9596555845,0,0,0,0,0,90456.6859143087,0,0,0,0,0,33658.5424430136,108.882883630985,0,0,0,0,0,0,0,0,0,0,0,260853418.841009,95117.7029821034,0,0,0
50436,0,6086.26453353137,0,0,0,0,0,0,126412.554706413,81.7013662092932,0,0,0,51578.4945898676,0,0,5508.72706409727,0,0,0,0,0,89665.7269301189,0,0,0,0,0,33689.3602960933,107.966663352536,0,0,0,0,0,0,0,0,0,0,0,258772928.257547,94317.3130089005,0,0,0
50464,0,6028.05497687173,0,0,0,0,0,0,125278.124703821,81.0144435887598,0,0,0,51116.2378780148,0,0,5456.0231806022,0,0,0,0,0,88881.9644825341,0,0,0,0,0,33712.707715914,107.058152822127,0,0,0,0,0,0,0,0,0,0,0,256709895.372453,93523.6581027684,0,0,0
50495,0,5970.42312254795,0,0,0,0,0,0,124154.791251755,80.3332437743108,0,0,0,50658.4669766401,0,0,5403.8425425069,0,0,0,0,0,88130.1863794879,0,0,0,0,0,33747.7018591162,106.157287164295,0,0,0,0,0,0,0,0,0,0,0,254664164.087721,92736.6815899232,0,0,0
50525,0,5913.3630063933,0,0,0,0,0,0,123042.421343118,79.6577384765828,0,0,0,50205.1235876168,0,0,5352.1797459616,0,0,0,0,0,87386.7306443068,0,0,0,0,0,33778.5248707604,105.264002049486,0,0,0,0,0,0,0,0,0,0,0,252635579.807565,91956.3272734754,0,0,0
50556,0,5856.8687283289,0,0,0,0,0,0,121940.891885833,78.9878903259248,0,0,0,49756.1570841757,0,0,5301.02944520278,0,0,0,0,0,86651.5223036907,0,0,0,0,0,33805.6492333784,104.378233689463,0,0,0,0,0,0,0,0,0,0,0,250623989.42481,91182.5394294176,0,0,0
50586,0,5800.93445164816,0,0,0,0,0,0,120850.082282754,78.3236517238257,0,0,0,49311.5181934075,0,0,5250.38635190444,0,0,0,0,0,85924.4878564745,0,0,0,0,0,33829.4416175329,103.49991883275,0,0,0,0,0,0,0,0,0,0,0,248629241.306082,90415.2628026449,0,0,0
50617,0,6657.55640325029,0,0,0,0,0,0,133464.333084824,83.6139337103075,0,0,0,53811.1235133304,0,0,6027.72655206896,0,0,0,0,0,95767.7908504583,0,0,0,0,0,32659.835282605,107.072809479395,0,0,0,0,0,0,0,0,0,0,0,256916249.490688,94130.6803028952,0,0,0
50648,0,6593.07688009584,0,0,0,0,0,0,132255.115535261,82.8880111993949,0,0,0,53324.1204034694,0,0,5969.32980469356,0,0,0,0,0,94946.3545619116,0,0,0,0,0,33038.4339218251,109.912155952807,0,0,0,0,0,0,0,0,0,0,0,254861925.502622,93332.1664383402,0,0,0
50678,0,6529.24557519258,0,0,0,0,0,0,131059.244640431,82.1640348117738,0,0,0,52842.9944980746,0,0,5911.52031509981,0,0,0,0,0,94134.619302818,0,0,0,0,0,33213.9867800278,111.11616818385,0,0,0,0,0,0,0,0,0,0,0,252824889.545972,92540.4263949223,0,0,0
50709,0,6466.05570640031,0,0,0,0,0,0,129875.980295621,81.4486983909955,0,0,0,52367.2032239322,0,0,5854.29193686395,0,0,0,0,0,93332.4829681948,0,0,0,0,0,33331.7449718715,110.17356582949,0,0,0,0,0,0,0,0,0,0,0,250804986.451692,91755.4027100792,0,0,0
50739,0,6403.50056548906,0,0,0,0,0,0,128704.637373394,80.7468196595987,0,0,0,51896.2669120086,0,0,5797.63859056747,0,0,0,0,0,92539.8711637359,0,0,0,0,0,33421.5072366578,109.238959603983,0,0,0,0,0,0,0,0,0,0,0,248802062.554793,90977.0384087051,0,0,0
50770,0,6341.57351730149,0,0,0,0,0,0,127544.948690596,80.0544903783316,0,0,0,51430.0202357016,0,0,5741.55426303744,0,0,0,0,0,91756.7118478185,0,0,0,0,0,33498.3449665912,108.312281675887,0,0,0,0,0,0,0,0,0,0,0,246815965.678385,90205.2769990166,0,0,0
50801,0,6280.26799892489,0,0,0,0,0,0,126396.704254968,79.3695227861696,0,0,0,50968.3439459324,0,0,5686.0330065957,0,0,0,0,0,90966.7117117752,0,0,0,0,0,33566.8096857469,107.393464789177,0,0,0,0,0,0,0,0,0,0,0,244846544.276212,89440.0624684517,0,0,0
50829,0,6219.57751887309,0,0,0,0,0,0,125259.747357984,78.6911313790222,0,0,0,50511.1632063179,0,0,5631.06893831692,0,0,0,0,0,90183.0777799796,0,0,0,0,0,33627.8324002301,106.482442258363,0,0,0,0,0,0,0,0,0,0,0,242893649.848991,88681.339279605,0,0,0
50860,0,6159.49565627789,0,0,0,0,0,0,124133.947468186,78.0190389407965,0,0,0,50058.4235195856,0,0,5576.65623929537,0,0,0,0,0,89407.5618305645,0,0,0,0,0,33685.495218234,105.579147963651,0,0,0,0,0,0,0,0,0,0,0,240957134.595062,87929.0523661969,0,0,0
50890,0,6100.01606008999,0,0,0,0,0,0,123019.172538875,77.3530098077967,0,0,0,49610.0689566915,0,0,5522.78915392025,0,0,0,0,0,88640.0693248051,0,0,0,0,0,33738.9092327464,104.683516346142,0,0,0,0,0,0,0,0,0,0,0,239036852.137918,87183.147129077,0,0,0
50921,0,6041.13244828931,0,0,0,0,0,0,121915.298716411,76.6928900244435,0,0,0,49166.0496909366,0,0,5469.46198915959,0,0,0,0,0,87880.5122141273,0,0,0,0,0,33788.4949123511,103.795482403078,0,0,0,0,0,0,0,0,0,0,0,237132657.512454,86443.5694322614,0,0,0
50951,0,5982.83860710453,0,0,0,0,0,0,120822.204560098,76.0385912521073,0,0,0,48726.3172173383,0,0,5416.66911385247,0,0,0,0,0,87128.8036815337,0,0,0,0,0,33834.580398951,102.914981683118,0,0,0,0,0,0,0,0,0,0,0,235244407.150796,85710.2655990036,0,0,0
50982,0,7012.04265452599,0,0,0,0,0,0,134320.497520107,81.1151956396711,0,0,0,54034.1646378536,0,0,6350.56652977184,0,0,0,0,0,96900.5985434262,0,0,0,0,0,34083.6561372817,106.327158368991,0,0,0,0,0,0,0,0,0,0,0,243358992.670625,89225.5812117423,0,0,0
51013,0,6943.05876534468,0,0,0,0,0,0,133097.027724257,80.4007488896423,0,0,0,53541.6186797496,0,0,6288.07064732632,0,0,0,0,0,96050.2786046472,0,0,0,0,0,34505.3594244807,108.840167892495,0,0,0,0,0,0,0,0,0,0,0,241409990.864714,88461.9750141973,0,0,0
51043,0,6874.77906694545,0,0,0,0,0,0,131886.861905076,79.6910997141684,0,0,0,53054.8460834621,0,0,6226.21294471838,0,0,0,0,0,95208.8864379342,0,0,0,0,0,34710.0692172367,109.713032904184,0,0,0,0,0,0,0,0,0,0,0,239477416.903862,87704.903875511,0,0,0
51074,0,6807.19608124382,0,0,0,0,0,0,130689.837353859,78.9911308801635,0,0,0,52573.7544613266,0,0,6164.98664238785,0,0,0,0,0,94376.3203927373,0,0,0,0,0,34850.590124741,108.774091955419,0,0,0,0,0,0,0,0,0,0,0,237561123.036215,86954.3118676484,0,0,0
51104,0,6740.30241284841,0,0,0,0,0,0,129505.115247272,78.3029295205128,0,0,0,52097.7365447275,0,0,6104.38503577122,0,0,0,0,0,93552.4803101376,0,0,0,0,0,34958.4291353366,107.843186607183,0,0,0,0,0,0,0,0,0,0,0,235660962.947534,86210.1435412148,0,0,0
51135,0,6674.09074810974,0,0,0,0,0,0,128332.335486599,77.6235606599134,0,0,0,51626.5570654716,0,0,6044.40149443861,0,0,0,0,0,92737.2641273201,0,0,0,0,0,35051.3070440283,106.920248089575,0,0,0,0,0,0,0,0,0,0,0,233776791.745608,85472.3439213603,0,0,0
51166,0,6608.55385418046,0,0,0,0,0,0,127171.233829682,76.9513704792732,0,0,0,51160.0561345462,0,0,5985.02946124122,0,0,0,0,0,91930.5699603815,0,0,0,0,0,35134.7373829563,106.005208221238,0,0,0,0,0,0,0,0,0,0,0,231908465.344715,84740.858503718,0,0,0
51195,0,6543.68457808669,0,0,0,0,0,0,126021.633689714,76.2857182393173,0,0,0,50698.1448302886,0,0,5926.26245146879,0,0,0,0,0,91132.3740052817,0,0,0,0,0,35209.7924994508,105.097999404322,0,0,0,0,0,0,0,0,0,0,0,230055842.296826,84015.6332503776,0,0,0
51226,0,6479.47584581054,0,0,0,0,0,0,124883.396823937,75.6263654342948,0,0,0,50240.7640031622,0,0,5868.09405201718,0,0,0,0,0,90342.5824636889,0,0,0,0,0,35280.9581541918,104.198554619487,0,0,0,0,0,0,0,0,0,0,0,228218781.886298,83296.6145858938,0,0,0
51256,0,6415.92066138349,0,0,0,0,0,0,123756.382621882,74.9730893929059,0,0,0,49787.8521763533,0,0,5810.51792056589,0,0,0,0,0,89561.0985986674,0,0,0,0,0,35347.4006350012,103.306807420959,0,0,0,0,0,0,0,0,0,0,0,226397144.759068,82583.7493933279,0,0,0
51287,0,6353.01210599049,0,0,0,0,0,0,122640.461929728,74.3257319615745,0,0,0,49339.3565664805,0,0,5753.52778476527,0,0,0,0,0,88787.8290199613,0,0,0,0,0,35409.6208494431,102.422691931612,0,0,0,0,0,0,0,0,0,0,0,224590792.909382,81876.9850103243,0,0,0
51317,0,6290.74333708495,0,0,0,0,0,0,121535.508791176,73.6842034235864,0,0,0,48895.226279096,0,0,5697.11744143358,0,0,0,0,0,88022.6804604412,0,0,0,0,0,35468.0102289476,101.546142838111,0,0,0,0,0,0,0,0,0,0,0,222799589.666151,81176.2692252198,0,0,0
51348,0,7507.46563439025,0,0,0,0,0,0,135153.510987079,78.5500763609595,0,0,0,54256.396746154,0,0,6801.89915847579,0,0,0,0,0,98610.7090720767,0,0,0,0,0,35482.9430266705,104.806217111085,0,0,0,0,0,0,0,0,0,0,0,230544556.456547,84498.5786459745,0,0,0
51379,0,7432.24046929192,0,0,0,0,0,0,133916.420258452,77.851357695267,0,0,0,53758.5053942952,0,0,6733.72107394219,0,0,0,0,0,97745.8431690274,0,0,0,0,0,35935.0943568337,107.067103984028,0,0,0,0,0,0,0,0,0,0,0,228694476.930319,83768.4386305221,0,0,0
51409,0,7357.7969733128,0,0,0,0,0,0,132692.737472359,77.1595082508939,0,0,0,53266.4008116139,0,0,6666.25169024302,0,0,0,0,0,96890.2040540206,0,0,0,0,0,36166.1740022556,107.689588897359,0,0,0,0,0,0,0,0,0,0,0,226860024.055058,83044.607649502,0,0,0
51440,0,7284.12670249161,0,0,0,0,0,0,131482.563180589,76.4780279918875,0,0,0,52780.196918552,0,0,6599.48334865775,0,0,0,0,0,96043.6880748685,0,0,0,0,0,36329.7551960088,106.759058711389,0,0,0,0,0,0,0,0,0,0,0,225041056.928538,82327.0311874588,0,0,0
51470,0,7211.2213078124,0,0,0,0,0,0,130284.975254647,75.8069632776891,0,0,0,52299.221273076,0,0,6533.40847661692,0,0,0,0,0,95206.1931001388,0,0,0,0,0,36458.000768839,105.836569102377,0,0,0,0,0,0,0,0,0,0,0,223237436.024569,81615.6551999974,0,0,0
51501,0,7139.0725340939,0,0,0,0,0,0,129099.572282623,75.1439749763485,0,0,0,51823.2070523258,0,0,6468.01958669394,0,0,0,0,0,94377.6151137347,0,0,0,0,0,36569.5493425081,104.922050592857,0,0,0,0,0,0,0,0,0,0,0,221449023.178663,80910.4261097122,0,0,0
51532,0,7067.67221889228,0,0,0,0,0,0,127926.058983254,74.4878053929332,0,0,0,51351.9703382124,0,0,6403.30927560911,0,0,0,0,0,93557.8493015965,0,0,0,0,0,36670.0541878647,104.015434305711,0,0,0,0,0,0,0,0,0,0,0,219675681.012242,80211.2908021525,0,0,0
51560,0,6997.01229141733,0,0,0,0,0,0,126764.24448322,73.8379460783985,0,0,0,50885.4116391869,0,0,6339.27022324574,0,0,0,0,0,92746.8099964908,0,0,0,0,0,36761.2192300201,103.116651958975,0,0,0,0,0,0,0,0,0,0,0,217917274.594499,79518.1966218218,0,0,0
51591,0,6927.08477146167,0,0,0,0,0,0,125613.984566347,73.1942065754881,0,0,0,50423.4681429896,0,0,6275.89519167824,0,0,0,0,0,91944.4002410237,0,0,0,0,0,36847.6863899683,102.225635860702,0,0,0,0,0,0,0,0,0,0,0,216173669.758465,78831.091368212,0,0,0
51621,0,6857.88176834307,0,0,0,0,0,0,124475.131693706,72.5563935167054,0,0,0,49966.0737187378,0,0,6213.17702421195,0,0,0,0,0,91150.5236920398,0,0,0,0,0,36928.7859149733,101.342318903861,0,0,0,0,0,0,0,0,0,0,0,214444733.640512,78149.9232918722,0,0,0
51652,0,6789.39547985947,0,0,0,0,0,0,123347.552196819,71.9243626413473,0,0,0,49513.1729577896,0,0,6151.10864443466,0,0,0,0,0,90365.0853861632,0,0,0,0,0,37005.0781247087,100.466634561282,0,0,0,0,0,0,0,0,0,0,0,212730334.667581,77474.6410905111,0,0,0
51682,0,6721.61819125679,0,0,0,0,0,0,122231.116224002,71.2980357218639,0,0,0,49064.7128012567,0,0,6089.68305527959,0,0,0,0,0,89587.9872905624,0,0,0,0,0,37076.935090295,99.5985168806479,0,0,0,0,0,0,0,0,0,0,0,211030342.543432,76805.193905133,0,0,0
51713,0,8070.02938544193,0,0,0,0,0,0,135776.102364306,75.9582966597808,0,0,0,54308.2115064711,0,0,7315.27110995602,0,0,0,0,0,100181.937614052,0,0,0,0,0,36347.468772448,103.245741604049,0,0,0,0,0,0,0,0,0,0,0,218171149.407073,79941.26428147,0,0,0
51744,0,7987.38377629033,0,0,0,0,0,0,134526.359851516,75.2697768516413,0,0,0,53805.894135784,0,0,7240.32752845481,0,0,0,0,0,99302.4558927627,0,0,0,0,0,36778.5887060453,104.910393393506,0,0,0,0,0,0,0,0,0,0,0,216416096.761748,79243.223884464,0,0,0
51774,0,7905.61567060034,0,0,0,0,0,0,133290.467227377,74.6000296020197,0,0,0,53309.6641427277,0,0,7166.17999146902,0,0,0,0,0,98432.65883387,0,0,0,0,0,37009.176685044,104.205347571104,0,0,0,0,0,0,0,0,0,0,0,214675910.109739,78551.2787175026,0,0,0
51805,0,7824.71538560207,0,0,0,0,0,0,132068.177215168,73.949743862352,0,0,0,52819.3579681046,0,0,7092.81971125363,0,0,0,0,0,97572.4362143651,0,0,0,0,0,37180.1798175252,103.295435239313,0,0,0,0,0,0,0,0,0,0,0,212950454.899492,77865.3755575496,0,0,0
51835,0,7744.67334974279,0,0,0,0,0,0,130858.586654163,73.3046976184223,0,0,0,52334.2913308766,0,0,7020.23800104763,0,0,0,0,0,96721.6782102858,0,0,0,0,0,37320.1914347692,102.393468185483,0,0,0,0,0,0,0,0,0,0,0,211239597.901228,77185.461646308,0,0,0
51866,0,7665.48010135692,0,0,0,0,0,0,129661.338624925,72.6648066420756,0,0,0,51854.2329814013,0,0,6948.42627386582,0,0,0,0,0,95880.2799614634,0,0,0,0,0,37445.0633126213,101.499377032116,0,0,0,0,0,0,0,0,0,0,0,209543207.193078,76511.4846861617,0,0,0
51897,0,7587.12628735241,0,0,0,0,0,0,128476.164406961,72.0302697959244,0,0,0,51379.0218378001,0,0,6877.37604130547,0,0,0,0,0,95040.9506554248,0,0,0,0,0,37559.5729569167,100.613093007512,0,0,0,0,0,0,0,0,0,0,0,207861151.51186,75843.392836153,0,0,0
51925,0,7509.6026619136,0,0,0,0,0,0,127302.879292857,71.4011699455751,0,0,0,50908.5650937404,0,0,6807.07891236794,0,0,0,0,0,94210.4089395557,0,0,0,0,0,37664.8806073379,99.7345479404776,0,0,0,0,0,0,0,0,0,0,0,206193302.223795,75181.1347079949,0,0,0
51956,0,7432.90008522008,0,0,0,0,0,0,126141.338628243,70.7774699812902,0,0,0,50442.8007722926,0,0,6737.52659229489,0,0,0,0,0,93388.551798275,0,0,0,0,0,37765.6332218822,98.8636742550871,0,0,0,0,0,0,0,0,0,0,0,204539531.244503,74524.6593621191,0,0,0
51986,0,7357.00952218149,0,0,0,0,0,0,124991.393883025,70.1591722286468,0,0,0,49981.6634344571,0,0,6668.71088141899,0,0,0,0,0,92575.2776190435,0,0,0,0,0,37860.9159275828,98.0004049654808,0,0,0,0,0,0,0,0,0,0,0,202899711.741094,73873.9163037568,0,0,0
52017,0,7281.92204118809,0,0,0,0,0,0,123852.909160336,69.5462379627828,0,0,0,49525.097181783,0,0,6600.62367402885,0,0,0,0,0,91770.486180561,0,0,0,0,0,37951.250821093,97.1446736707143,0,0,0,0,0,0,0,0,0,0,0,201273718.119574,73228.8554790556,0,0,0
52047,0,7207.6288128767,0,0,0,0,0,0,122725.751733149,68.9386382599829,0,0,0,49073.0479205032,0,0,6533.25695724812,0,0,0,0,0,90974.0786063115,0,0,0,0,0,38037.0301725236,96.2964145496506,0,0,0,0,0,0,0,0,0,0,0,199661426.011261,72589.427271229,0,0,0
52078,0,8394.59327294474,0,0,0,0,0,0,136884.426417746,73.4035304642998,0,0,0,54626.832014094,0,0,7613.6631114772,0,0,0,0,0,101720.461478941,0,0,0,0,0,38563.3274358012,99.8061188688025,0,0,0,0,0,0,0,0,0,0,0,206672641.549365,75545.6097830157,0,0,0
52109,0,8306.43007073569,0,0,0,0,0,0,135615.623164073,72.7347309792309,0,0,0,54116.5961607631,0,0,7533.66902582184,0,0,0,0,0,100815.643221205,0,0,0,0,0,38978.9657072334,101.328302175925,0,0,0,0,0,0,0,0,0,0,0,205004652.574867,74878.2685096768,0,0,0
52139,0,8219.22735868414,0,0,0,0,0,0,134361.214604104,72.0846557011261,0,0,0,53612.7899904412,0,0,7454.54680906726,0,0,0,0,0,99920.443217096,0,0,0,0,0,39186.8190545806,100.531198272886,0,0,0,0,0,0,0,0,0,0,0,203350845.994788,74216.8222761209,0,0,0
52170,0,8132.97426213585,0,0,0,0,0,0,133120.971731059,71.4535694415625,0,0,0,53115.2550175762,0,0,7376.28658533074,0,0,0,0,0,99034.7462610798,0,0,0,0,0,39338.8258515499,99.6431437842343,0,0,0,0,0,0,0,0,0,0,0,201711092.825223,73561.2190078017,0,0,0
52200,0,8047.6600345798,0,0,0,0,0,0,131893.6675537,70.8269423829436,0,0,0,52623.045349739,0,0,7298.8785951619,0,0,0,0,0,98158.4387755964,0,0,0,0,0,39464.0489373052,98.7629340322255,0,0,0,0,0,0,0,0,0,0,0,200085265.354845,72911.4070901797,0,0,0
52231,0,7963.27405607564,0,0,0,0,0,0,130678.936638443,70.2049593448077,0,0,0,52135.9259792611,0,0,7222.31319411319,0,0,0,0,0,97291.4087501156,0,0,0,0,0,39576.3684660832,97.8904997194302,0,0,0,0,0,0,0,0,0,0,0,198473237.13438,72267.3353646586,0,0,0
52262,0,7879.80583170129,0,0,0,0,0,0,129476.527824506,69.5879870062585,0,0,0,51653.753064367,0,0,7146.58085132859,0,0,0,0,0,96433.5457520989,0,0,0,0,0,39681.3367420974,97.0257721605664,0,0,0,0,0,0,0,0,0,0,0,196874881.852963,71628.9531245578,0,0,0
52290,0,7797.24499002041,0,0,0,0,0,0,128286.205844783,68.9761737817502,0,0,0,51176.3902987206,0,0,7071.6721481504,0,0,0,0,0,95584.7408756373,0,0,0,0,0,39779.6284924091,96.1686832770919,0,0,0,0,0,0,0,0,0,0,0,195290076.395043,70996.2101111204,0,0,0
52321,0,7715.58128156933,0,0,0,0,0,0,127107.837845217,68.36951972415,0,0,0,50703.7881010755,0,0,6997.57777674377,0,0,0,0,0,94744.8866929311,0,0,0,0,0,39875.0888209077,95.3191655918447,0,0,0,0,0,0,0,0,0,0,0,193718698.024853,70369.0565095561,0,0,0
52351,0,7634.80457736334,0,0,0,0,0,0,125941.29116271,67.7680473234039,0,0,0,50235.897086036,0,0,6924.2885387388,0,0,0,0,0,93913.8772698049,0,0,0,0,0,39966.5571618646,94.4771522237302,0,0,0,0,0,0,0,0,0,0,0,192160625.2145,69747.4429451196,0,0,0
52382,0,7554.90486742195,0,0,0,0,0,0,124786.433597614,67.1717380152961,0,0,0,49772.6665858562,0,0,6851.79534388991,0,0,0,0,0,93091.6081555755,0,0,0,0,0,40054.3477842694,93.6425768824561,0,0,0,0,0,0,0,0,0,0,0,190615737.630616,69131.3204792237,0,0,0
52412,0,7475.872259313,0,0,0,0,0,0,123643.134347176,66.5805739255439,0,0,0,49314.0461005245,0,0,6780.08920875236,0,0,0,0,0,92277.9763072683,0,0,0,0,0,40138.6597282518,92.8153738633136,0,0,0,0,0,0,0,0,0,0,0,189083916.122346,68520.6406055856,0,0,0
52443,0,4680.0542654865,0,0,0,0,0,0,137525.216067902,70.852244258083,0,0,0,52108.7875646552,0,0,4243.89105973345,0,0,0,0,0,103414.205991345,0,0,0,0,0,39346.2382509867,96.1862294618875,0,0,0,0,0,0,0,0,0,0,0,192549881.584742,71303.0915426822,0,0,0
52474,0,4629.05721606951,0,0,0,0,0,0,136242.266007486,70.1994870392368,0,0,0,51621.2763155659,0,0,4197.60543444512,0,0,0,0,0,102489.490181498,0,0,0,0,0,39778.094874788,99.2018763288761,0,0,0,0,0,0,0,0,0,0,0,190998351.769446,70665.2674443449,0,0,0
52504,0,4578.65528555341,0,0,0,0,0,0,134973.613261152,69.5453770657253,0,0,0,51139.673428053,0,0,4151.86044240665,0,0,0,0,0,101574.698326866,0,0,0,0,0,40003.217490181,100.941247472203,0,0,0,0,0,0,0,0,0,0,0,189460000.986369,70033.1488430852,0,0,0
52535,0,4528.84107415831,0,0,0,0,0,0,133719.321498562,68.8978795401766,0,0,0,50664.0840963009,0,0,4106.64935534435,0,0,0,0,0,100669.710025806,0,0,0,0,0,40170.465398154,100.038302610191,0,0,0,0,0,0,0,0,0,0,0,187934709.198236,69406.6847017958,0,0,0
52565,0,4479.60727934035,0,0,0,0,0,0,132478.248021904,68.2652110757601,0,0,0,50193.6652073779,0,0,4061.96553347022,0,0,0,0,0,99774.4065794265,0,0,0,0,0,40309.6738007213,99.1434348172098,0,0,0,0,0,0,0,0,0,0,0,186422357.563205,68785.8244399094,0,0,0
52596,0,4430.94669445349,0,0,0,0,0,0,131250.014264408,67.6433697502591,0,0,0,49728.175171657,0,0,4017.8024242632,0,0,0,0,0,98888.6709661541,0,0,0,0,0,40435.3031233239,98.2565718418436,0,0,0,0,0,0,0,0,0,0,0,184922828.422457,68170.5179293143,0,0,0
52627,0,4382.8522074304,0,0,0,0,0,0,130034.351460867,67.0292654589123,0,0,0,49267.4589675223,0,0,3974.15356126791,0,0,0,0,0,98012.3878468582,0,0,0,0,0,40553.4650193044,97.3776420789844,0,0,0,0,0,0,0,0,0,0,0,183436004.550353,67560.7154903075,0,0,0
52656,0,4335.31679948225,0,0,0,0,0,0,128831.036192432,66.4217635068554,0,0,0,48811.3993390946,0,0,3931.01256291054,0,0,0,0,0,97145.4667091904,0,0,0,0,0,40664.4664938092,96.5065745640498,0,0,0,0,0,0,0,0,0,0,0,181961771.380182,66956.3678875835,0,0,0
52687,0,4288.33354381705,0,0,0,0,0,0,127639.925690425,65.8205044394349,0,0,0,48359.9417571351,0,0,3888.3731313317,0,0,0,0,0,96287.7977508737,0,0,0,0,0,40772.4008308093,95.6432989672534,0,0,0,0,0,0,0,0,0,0,0,180500014.722882,66357.426326259,0,0,0
52717,0,4241.89560437629,0,0,0,0,0,0,126460.874204263,65.2251326882947,0,0,0,47913.0292724158,0,0,3846.22905123584,0,0,0,0,0,95439.2702625459,0,0,0,0,0,40876.022779949,94.7877455879265,0,0,0,0,0,0,0,0,0,0,0,179050621.520457,65763.8424479331,0,0,0
52748,0,4195.99623458959,0,0,0,0,0,0,125293.742188742,64.6354714948297,0,0,0,47470.6090996903,0,0,3804.57418875726,0,0,0,0,0,94599.7750802764,0,0,0,0,0,40975.6550238276,93.9398453488905,0,0,0,0,0,0,0,0,0,0,0,177613479.833419,65175.5683267831,0,0,0
52778,0,4150.62877614717,0,0,0,0,0,0,124138.392236038,64.0513971836764,0,0,0,47032.6293650429,0,0,3763.40249034217,0,0,0,0,0,93769.2045616512,0,0,0,0,0,41071.5465931249,93.0995297908795,0,0,0,0,0,0,0,0,0,0,0,176188478.828467,64592.5564656947,0,0,0
52809,0,4818.03900694779,0,0,0,0,0,0,137732.780865229,68.1119569078636,0,0,0,51592.6874160155,0,0,4370.97545467475,0,0,0,0,0,101886.417490834,0,0,0,0,0,40057.6993969297,96.2979874402309,0,0,0,0,0,0,0,0,0,0,0,181924702.152132,67207.1485308551,0,0,0
52840,0,4764.4584488262,0,0,0,0,0,0,136437.09938928,67.4679705856308,0,0,0,51105.2222200275,0,0,4322.31505037367,0,0,0,0,0,100931.398408064,0,0,0,0,0,40505.1742043778,99.172010096979,0,0,0,0,0,0,0,0,0,0,0,180453758.287487,66597.690136358,0,0,0
52870,0,4711.51968892296,0,0,0,0,0,0,135155.632860126,66.8236518749973,0,0,0,50623.45121612,0,0,4274.2381522384,0,0,0,0,0,99986.7581243827,0,0,0,0,0,40761.9784161086,100.920861879718,0,0,0,0,0,0,0,0,0,0,0,178995364.851023,65993.7585279654,0,0,0
52901,0,4659.21449148463,0,0,0,0,0,0,133888.679711597,66.1853846795265,0,0,0,50147.6646321988,0,0,4226.73726441921,0,0,0,0,0,99052.3693827651,0,0,0,0,0,40960.9353099765,100.005675507479,0,0,0,0,0,0,0,0,0,0,0,177549406.772537,65395.3035868096,0,0,0
52931,0,4607.53473300097,0,0,0,0,0,0,132635.229053901,65.5612323070322,0,0,0,49677.1208697001,0,0,4179.80499333115,0,0,0,0,0,98128.1067375516,0,0,0,0,0,41130.1715628955,99.0987883716949,0,0,0,0,0,0,0,0,0,0,0,176115770.140372,64802.2756485186,0,0,0
52962,0,4556.47240059526,0,0,0,0,0,0,131394.890303328,64.9480647187172,0,0,0,49211.5749400312,0,0,4133.43404618601,0,0,0,0,0,97213.8465488125,0,0,0,0,0,41284.9436565281,98.2001252119286,0,0,0,0,0,0,0,0,0,0,0,174694342.189013,64214.6254990948,0,0,0
52993,0,4506.01959043866,0,0,0,0,0,0,130167.384349043,64.3429906699051,0,0,0,48750.8682859525,0,0,4087.61722954628,0,0,0,0,0,96309.4669937473,0,0,0,0,0,41430.0095598845,97.3096114502325,0,0,0,0,0,0,0,0,0,0,0,173285010.678855,63632.3043708305,0,0,0
53021,0,4456.16850618835,0,0,0,0,0,0,128952.520865444,63.7448656506758,0,0,0,48294.9131440072,0,0,4042.34744790078,0,0,0,0,0,95414.8501526662,0,0,0,0,0,41566.0133949366,96.4271731849583,0,0,0,0,0,0,0,0,0,0,0,171887665.746305,63055.2639382612,0,0,0
53052,0,4406.91145744898,0,0,0,0,0,0,127750.141788653,63.1533233219989,0,0,0,47843.6453135996,0,0,3997.61770226158,0,0,0,0,0,94529.877811977,0,0,0,0,0,41697.5659270274,95.5527371846239,0,0,0,0,0,0,0,0,0,0,0,170502197.986184,62483.4563141546,0,0,0
53082,0,4358.24085825712,0,0,0,0,0,0,126560.088584463,62.5679459236939,0,0,0,47396.9999841801,0,0,3953.42108878194,0,0,0,0,0,93654.4332317849,0,0,0,0,0,41823.608864852,94.6862308818367,0,0,0,0,0,0,0,0,0,0,0,169128499.088329,61916.8340455373,0,0,0
53113,0,4310.14922558836,0,0,0,0,0,0,125382.212873977,61.988530334702,0,0,0,46954.9195749909,0,0,3909.75079739485,0,0,0,0,0,92788.4013179464,0,0,0,0,0,41944.6024547212,93.8275823672708,0,0,0,0,0,0,0,0,0,0,0,167766461.825243,61355.3501097561,0,0,0
53143,0,4262.62917788667,0,0,0,0,0,0,124216.370134826,61.4149154698665,0,0,0,46517.3487084082,0,0,3866.600110472,0,0,0,0,0,91931.6686146686,0,0,0,0,0,42060.8946384316,92.9767203837,0,0,0,0,0,0,0,0,0,0,0,166415980.039852,60798.9579105761,0,0,0
53174,0,3808.7216465568,0,0,0,0,0,0,137631.166568834,66.8429938759908,0,0,0,50411.7269254868,0,0,3455.092450859,0,0,0,0,0,101409.248687996,0,0,0,0,0,41235.2751129077,96.0031482233253,0,0,0,0,0,0,0,0,0,0,0,171007302.108481,63251.3008132188,0,0,0
53205,0,3766.91175666344,0,0,0,0,0,0,136325.830701374,66.1991254128981,0,0,0,49933.1682037228,0,0,3417.10620952535,0,0,0,0,0,100433.289298194,0,0,0,0,0,41678.350561277,98.7427633637994,0,0,0,0,0,0,0,0,0,0,0,169622869.727159,62669.1044285052,0,0,0
53235,0,3725.60948711424,0,0,0,0,0,0,135035.121911455,65.556079251114,0,0,0,49460.374783068,0,0,3379.58196027607,0,0,0,0,0,99468.110387528,0,0,0,0,0,41944.4596457266,100.497899754319,0,0,0,0,0,0,0,0,0,0,0,168250263.880631,62092.2668684485,0,0,0
53266,0,3684.8080463306,0,0,0,0,0,0,133759.048596265,64.9184553072107,0,0,0,48993.4016505716,0,0,3342.51351134669,0,0,0,0,0,98513.5775978064,0,0,0,0,0,42155.9704640734,99.572867175447,0,0,0,0,0,0,0,0,0,0,0,166889375.831639,61520.7388077651,0,0,0
53296,0,3644.50074150198,0,0,0,0,0,0,132496.692488658,64.2942493795929,0,0,0,48531.6001727368,0,0,3305.89476116083,0,0,0,0,0,97569.5585627284,0,0,0,0,0,42338.910746895,98.6563490558229,0,0,0,0,0,0,0,0,0,0,0,165540097.945972,60954.471375186,0,0,0
53327,0,3604.68097705084,0,0,0,0,0,0,131247.676186568,63.6810031911381,0,0,0,48074.7412803713,0,0,3269.71969692654,0,0,0,0,0,96635.922870594,0,0,0,0,0,42507.8604232434,97.7482670241354,0,0,0,0,0,0,0,0,0,0,0,164202323.680438,60393.4161492776,0,0,0
53358,0,3565.34225312285,0,0,0,0,0,0,130011.720822778,63.0760118456723,0,0,0,47622.6709777134,0,0,3233.98239325575,0,0,0,0,0,95710.2376902417,0,0,0,0,0,42668.8673269823,96.8485434304418,0,0,0,0,0,0,0,0,0,0,0,162875947.189959,59837.5251543012,0,0,0
53386,0,3526.47816410164,0,0,0,0,0,0,128788.576473981,62.47815071939,0,0,0,47175.2524817759,0,0,3198.67701080625,0,0,0,0,0,94794.3347386894,0,0,0,0,0,42822.7784215031,95.9571013395276,0,0,0,0,0,0,0,0,0,0,0,161560864.61237,59286.7508561106,0,0,0
53417,0,3488.08239714792,0,0,0,0,0,0,127578.092808761,61.8870822212011,0,0,0,46732.4328080225,0,0,3163.79779494583,0,0,0,0,0,93888.3271778894,0,0,0,0,0,42973.7953687109,95.0738645243285,0,0,0,0,0,0,0,0,0,0,0,160256972.59866,58741.0461580875,0,0,0
53447,0,3450.14873076243,0,0,0,0,0,0,126380.119895737,61.3023424847319,0,0,0,46294.1588188746,0,0,3129.33907443839,0,0,0,0,0,92992.0926285846,0,0,0,0,0,43120.5202420598,94.1987574594119,0,0,0,0,0,0,0,0,0,0,0,158964168.841988,58200.3643971144,0,0,0
53478,0,3412.67103337229,0,0,0,0,0,0,125194.510197623,60.7237235377285,0,0,0,45860.3776453322,0,0,3095.29526015141,0,0,0,0,0,92105.5104796574,0,0,0,0,0,43263.2491873087,93.3317053145187,0,0,0,0,0,0,0,0,0,0,0,157682352.065183,57664.6593395841,0,0,0
53508,0,3375.64326194045,0,0,0,0,0,0,124021.118488262,60.1510444733298,0,0,0,45431.0371591879,0,0,3061.66084378458,0,0,0,0,0,91228.4631892828,0,0,0,0,0,43402.2048984145,92.472633948165,0,0,0,0,0,0,0,0,0,0,0,156411422.009237,57133.8851774465,0,0,0
53539,0,3847.47023116248,0,0,0,0,0,0,138256.804439908,64.8042658522932,0,0,0,50251.4009539515,0,0,3492.10478448794,0,0,0,0,0,102758.675134713,0,0,0,0,0,43174.4674794556,95.3296805475045,0,0,0,0,0,0,0,0,0,0,0,161684029.613023,59429.4437272395,0,0,0
53570,0,3804.17562811386,0,0,0,0,0,0,136934.221204776,64.1683538752302,0,0,0,49770.1564010366,0,0,3452.73753174518,0,0,0,0,0,101758.415050923,0,0,0,0,0,43615.9848805728,97.9405329950388,0,0,0,0,0,0,0,0,0,0,0,160369159.509865,58873.5567303239,0,0,0
53600,0,3761.42371497897,0,0,0,0,0,0,135626.429001938,63.5336457459055,0,0,0,49294.5883519856,0,0,3413.86477627539,0,0,0,0,0,100769.189856041,0,0,0,0,0,43896.9368943976,99.6981368900334,0,0,0,0,0,0,0,0,0,0,0,159065588.206489,58322.8693505335,0,0,0
53631,0,3719.20692900836,0,0,0,0,0,0,134333.382597316,62.9035572954542,0,0,0,48824.7401472622,0,0,3375.47961209194,0,0,0,0,0,99790.8594312024,0,0,0,0,0,44125.7107205448,98.7655873920398,0,0,0,0,0,0,0,0,0,0,0,157773210.95137,57777.3329520512,0,0,0
53661,0,3677.51782306096,0,0,0,0,0,0,133054.319787302,62.2860582129249,0,0,0,48360.1026051235,0,0,3337.57523899011,0,0,0,0,0,98823.2861488614,0,0,0,0,0,44327.1357397899,97.8417607106739,0,0,0,0,0,0,0,0,0,0,0,156491924.07002,57236.8993539863,0,0,0
53692,0,3636.34906369964,0,0,0,0,0,0,131788.903302904,61.6793247742402,0,0,0,47900.4839987925,0,0,3300.14496080143,0,0,0,0,0,97866.333417249,0,0,0,0,0,44514.481243577,96.9265752550601,0,0,0,0,0,0,0,0,0,0,0,155221624.951803,56701.5208261193,0,0,0
53723,0,3595.69342932006,0,0,0,0,0,0,130536.864408276,61.0808935157583,0,0,0,47445.7426583859,0,0,3263.1821836785,0,0,0,0,0,96919.8680568587,0,0,0,0,0,44692.1395450282,96.0199501975022,0,0,0,0,0,0,0,0,0,0,0,153962211.507945,56171.1500846862,0,0,0
53751,0,3555.5438083122,0,0,0,0,0,0,129297.987345028,60.489692926684,0,0,0,46995.777432217,0,0,3226.68041440987,0,0,0,0,0,95983.7585540824,0,0,0,0,0,44860.9453583736,95.1218054663442,0,0,0,0,0,0,0,0,0,0,0,152713583.641262,55645.7402882025,0,0,0
53782,0,3515.89319725389,0,0,0,0,0,0,128072.108129264,59.9054302954174,0,0,0,46550.5261157241,0,0,3190.63325876428,0,0,0,0,0,95057.8749999334,0,0,0,0,0,45025.5725795687,94.232061738899,0,0,0,0,0,0,0,0,0,0,0,151475641.862077,55125.2450333264,0,0,0
53812,0,3476.73469913587,0,0,0,0,0,0,126859.061622587,59.3275990777407,0,0,0,46109.9249914331,0,0,3155.03441986382,0,0,0,0,0,94142.0887461335,0,0,0,0,0,45184.7183825407,93.3506404344424,0,0,0,0,0,0,0,0,0,0,0,150248287.697897,54609.6183507606,0,0,0
53843,0,3438.06152161769,0,0,0,0,0,0,125658.690675843,58.7559906290527,0,0,0,45673.9157032695,0,0,3119.87769658543,0,0,0,0,0,93236.2730365954,0,0,0,0,0,45338.7930085876,92.477463707273,0,0,0,0,0,0,0,0,0,0,0,149031423.680353,54098.814701192,0,0,0
53873,0,3399.86697531401,0,0,0,0,0,0,124470.841735289,58.1904049916354,0,0,0,45242.4417076996,0,0,3085.15698199031,0,0,0,0,0,92340.3042968132,0,0,0,0,0,45488.106393521,91.6124544398375,0,0,0,0,0,0,0,0,0,0,0,147824953.332906,53592.7889712699,0,0,0
53904,0,3801.607962141,0,0,0,0,0,0,138852.848748655,65.5060139183844,0,0,0,50085.1247232952,0,0,3452.37536979087,0,0,0,0,0,104044.837201248,0,0,0,0,0,44794.2462561993,94.3005999744489,0,0,0,0,0,0,0,0,0,0,0,152855510.665855,55736.8475865749,0,0,0
53935,0,3757.84835229322,0,0,0,0,0,0,137511.966527125,64.8502131534485,0,0,0,49600.5369834295,0,0,3412.54658769886,0,0,0,0,0,103022.322117882,0,0,0,0,0,45261.4843418795,96.7846511820844,0,0,0,0,0,0,0,0,0,0,0,151606686.11213,55206.3642199977,0,0,0
53965,0,3714.65734595083,0,0,0,0,0,0,136186.00074792,64.1960342351001,0,0,0,49121.5680057569,0,0,3373.23669436059,0,0,0,0,0,102011.216391072,0,0,0,0,0,45571.6035321861,98.5392140114984,0,0,0,0,0,0,0,0,0,0,0,150368653.058834,54680.9298042386,0,0,0
53996,0,3672.02661980688,0,0,0,0,0,0,134875.214644459,63.5458990094232,0,0,0,48648.4748220307,0,0,3334.43807364042,0,0,0,0,0,101011.372661375,0,0,0,0,0,45826.3493548721,97.601353040666,0,0,0,0,0,0,0,0,0,0,0,149141310.647179,54160.4962851906,0,0,0
54026,0,3629.94798564358,0,0,0,0,0,0,133578.84160539,62.9080946281213,0,0,0,48180.7517069043,0,0,3296.14323332649,0,0,0,0,0,100022.647265492,0,0,0,0,0,46051.9361431988,96.6724182948845,0,0,0,0,0,0,0,0,0,0,0,147924559.069623,53645.0160661088,0,0,0
54057,0,3588.41338795113,0,0,0,0,0,0,132296.505964159,62.2812930350643,0,0,0,47718.1832164966,0,0,3258.34480294161,0,0,0,0,0,99044.8966194265,0,0,0,0,0,46262.4719502005,95.7523248175387,0,0,0,0,0,0,0,0,0,0,0,146718299.55633,53134.4420032569,0,0,0
54088,0,3547.4149015914,0,0,0,0,0,0,131027.90072224,61.663187653181,0,0,0,47260.6024923204,0,0,3221.03553159524,0,0,0,0,0,98077.980736642,0,0,0,0,0,46462.4551813258,94.8409884606,0,0,0,0,0,0,0,0,0,0,0,145522433.801428,52628.7274015959,0,0,0
54117,0,3506.94472950537,0,0,0,0,0,0,129772.790338343,61.0527335933197,0,0,0,46807.8965908212,0,0,3184.20828587593,0,0,0,0,0,97121.762485984,0,0,0,0,0,46652.986359977,93.9383258769307,0,0,0,0,0,0,0,0,0,0,0,144336865.67415,52127.8260105134,0,0,0
54148,0,3466.99520046362,0,0,0,0,0,0,128531.000980267,60.4496841499292,0,0,0,46359.9981624911,0,0,3147.85604778332,0,0,0,0,0,96176.1045792204,0,0,0,0,0,46839.1239221838,93.0442545126611,0,0,0,0,0,0,0,0,0,0,0,143161499.446049,51631.6920195938,0,0,0
54178,0,3427.55876685896,0,0,0,0,0,0,127302.353633327,59.8534644703946,0,0,0,45916.835335936,0,0,3111.97191269904,0,0,0,0,0,95240.8724860193,0,0,0,0,0,47019.5750171813,92.1586925996399,0,0,0,0,0,0,0,0,0,0,0,141996240.378731,51140.2800544287,0,0,0
54209,0,3388.62800254035,0,0,0,0,0,0,126086.682878288,59.2638580059144,0,0,0,45478.3459321043,0,0,3076.54908739558,0,0,0,0,0,94315.9347608883,0,0,0,0,0,47194.8245876794,91.2815591479558,0,0,0,0,0,0,0,0,0,0,0,140840994.711639,50653.5451724669,0,0,0
54239,0,3350.19560068735,0,0,0,0,0,0,124883.827595443,58.6806350034375,0,0,0,45044.4700387571,0,0,3041.58088808248,0,0,0,0,0,93401.1608973585,0,0,0,0,0,47365.2365435468,90.4127739385303,0,0,0,0,0,0,0,0,0,0,0,139695669.650507,50171.4428589046,0,0,0
54270,0,3995.07857701022,0,0,0,0,0,0,138752.834158419,0,0,0,0,49520.2095551928,0,0,3630.07161735188,0,0,0,0,0,105237.577833374,0,0,0,0,0,45615.8566613519,0,0,0,0,0,0,0,0,0,0,0,0,144168606.131009,0,0,0,0
54301,0,3948.35663903505,0,0,0,0,0,0,137398.809828059,0,0,0,0,49035.4040665837,0,0,3587.50542020591,0,0,0,0,0,104192.703544957,0,0,0,0,0,46092.1304334278,0,0,0,0,0,0,0,0,0,0,0,0,142984137.599751,0,0,0,0
54331,0,3902.25821528031,0,0,0,0,0,0,136059.687918514,0,0,0,0,48556.0295446182,0,0,3545.50913133077,0,0,0,0,0,103159.632513183,0,0,0,0,0,46420.6390489033,0,0,0,0,0,0,0,0,0,0,0,0,141809980.631026,0,0,0,0
54362,0,3856.77379243856,0,0,0,0,0,0,134736.018245526,0,0,0,0,48082.5799728754,0,0,3504.07402520993,0,0,0,0,0,102138.20926371,0,0,0,0,0,46695.030244622,0,0,0,0,0,0,0,0,0,0,0,0,140646037.823808,0,0,0,0
54392,0,3811.89402056379,0,0,0,0,0,0,133427.084354166,0,0,0,0,47614.5824992977,0,0,3463.19152665067,0,0,0,0,0,101128.282223616,0,0,0,0,0,46940.7999598347,0,0,0,0,0,0,0,0,0,0,0,0,139492212.809097,0,0,0,0
54423,0,3767.60970998706,0,0,0,0,0,0,132132.508023043,0,0,0,0,47151.8224862862,0,0,3422.85320793766,0,0,0,0,0,100129.701100154,0,0,0,0,0,47171.4660242564,0,0,0,0,0,0,0,0,0,0,0,0,138348410.236596,0,0,0,0
54454,0,3723.91182829483,0,0,0,0,0,0,130851.980543935,0,0,0,0,46694.1360547468,0,0,3383.05078604466,0,0,0,0,0,99142.3194064053,0,0,0,0,0,47391.2256871819,0,0,0,0,0,0,0,0,0,0,0,0,137214535.356479,0,0,0,0
54482,0,3680.79149736855,0,0,0,0,0,0,129585.258086726,0,0,0,0,46241.4070730022,0,0,3343.77611990279,0,0,0,0,0,98165.9926264862,0,0,0,0,0,47601.1439140257,0,0,0,0,0,0,0,0,0,0,0,0,136090495.227476,0,0,0,0
54513,0,3638.23999048425,0,0,0,0,0,0,128332.162920879,0,0,0,0,45793.5683229188,0,0,3305.02120772432,0,0,0,0,0,97200.576321094,0,0,0,0,0,47806.3085054381,0,0,0,0,0,0,0,0,0,0,0,0,134976197.483912,0,0,0,0
54543,0,3596.2487294708,0,0,0,0,0,0,127092.514119216,0,0,0,0,45350.5497194059,0,0,3266.77818438078,0,0,0,0,0,96245.9289543748,0,0,0,0,0,48005.2332504516,0,0,0,0,0,0,0,0,0,0,0,0,133871550.7312,0,0,0,0
54574,0,3554.80928192564,0,0,0,0,0,0,125866.14113741,0,0,0,0,44912.2879433622,0,0,3229.03931883413,0,0,0,0,0,95301.9132791136,0,0,0,0,0,48198.3550494418,0,0,0,0,0,0,0,0,0,0,0,0,132776464.532859,0,0,0,0
54604,0,3513.91335848666,0,0,0,0,0,0,124652.877310081,0,0,0,0,44478.7215757946,0,0,3191.79701161995,0,0,0,0,0,94368.3920767276,0,0,0,0,0,48385.9928168895,0,0,0,0,0,0,0,0,0,0,0,0,131690849.398948,0,0,0,0
54635,0,3878.70152775114,0,0,0,0,0,0,138528.924620963,0,0,0,0,49024.3794662528,0,0,3526.48263069748,0,0,0,0,0,105751.338090299,0,0,0,0,0,48268.5751552577,0,0,0,0,0,0,0,0,0,0,0,0,135947582.867403,0,0,0,0
54666,0,3832.5008755903,0,0,0,0,0,0,137163.541358267,0,0,0,0,48539.5956716519,0,0,3484.33436531015,0,0,0,0,0,104688.649334932,0,0,0,0,0,48760.556658183,0,0,0,0,0,0,0,0,0,0,0,0,134825522.936214,0,0,0,0
54696,0,3786.94209495593,0,0,0,0,0,0,135813.634264483,0,0,0,0,48060.5303827709,0,0,3442.77417325442,0,0,0,0,0,103638.110650854,0,0,0,0,0,49108.5494706192,0,0,0,0,0,0,0,0,0,0,0,0,133713287.181785,0,0,0,0
54727,0,3742.01476135425,0,0,0,0,0,0,134479.587636165,0,0,0,0,47587.5356304733,0,0,3401.79246078838,0,0,0,0,0,102599.560678943,0,0,0,0,0,49401.5580744899,0,0,0,0,0,0,0,0,0,0,0,0,132610781.996148,0,0,0,0
54757,0,3697.70864389826,0,0,0,0,0,0,133160.56278197,0,0,0,0,47120.0550796063,0,0,3361.37981308626,0,0,0,0,0,101572.839564063,0,0,0,0,0,49665.4082302584,0,0,0,0,0,0,0,0,0,0,0,0,131517914.778716,0,0,0,0
54788,0,3654.01370131899,0,0,0,0,0,0,131856.16708948,0,0,0,0,46657.8672716551,0,0,3321.52699053932,0,0,0,0,0,100557.789629363,0,0,0,0,0,49913.9541841201,0,0,0,0,0,0,0,0,0,0,0,0,130434593.922912,0,0,0,0
54819,0,3610.92007806555,0,0,0,0,0,0,130566.087419291,0,0,0,0,46200.8082224216,0,0,3282.22492513926,0,0,0,0,0,99554.2579177565,0,0,0,0,0,50152.5503871994,0,0,0,0,0,0,0,0,0,0,0,0,129360727.961579,0,0,0,0
54847,0,3568.41810049184,0,0,0,0,0,0,129290.049023593,0,0,0,0,45748.7399033687,0,0,3243.46471694229,0,0,0,0,0,98562.1047600583,0,0,0,0,0,50382.0496524309,0,0,0,0,0,0,0,0,0,0,0,0,128296227.774113,0,0,0,0
54878,0,3526.49827312786,0,0,0,0,0,0,128027.872165573,0,0,0,0,45301.5963935715,0,0,3205.23763061191,0,0,0,0,0,97581.1809350292,0,0,0,0,0,50607.5958329789,0,0,0,0,0,0,0,0,0,0,0,0,127241004.671912,0,0,0,0
54908,0,3485.15127503371,0,0,0,0,0,0,126779.374952455,0,0,0,0,44859.3094553811,0,0,3167.53509203855,0,0,0,0,0,96611.339573053,0,0,0,0,0,50827.5320304096,0,0,0,0,0,0,0,0,0,0,0,0,126194970.912146,0,0,0,0
54939,0,3444.36795623435,0,0,0,0,0,0,125544.383751516,0,0,0,0,44421.8159631876,0,0,3130.34868503418,0,0,0,0,0,95652.4361106506,0,0,0,0,0,51042.2320496974,0,0,0,0,0,0,0,0,0,0,0,0,125158039.685078,0,0,0,0
54969,0,3404.13933423304,0,0,0,0,0,0,124322.728476146,0,0,0,0,43989.0543584173,0,0,3093.67014810035,0,0,0,0,0,94704.3282460715,0,0,0,0,0,51251.9782233613,0,0,0,0,0,0,0,0,0,0,0,0,124130125.102634,0,0,0,0
55000,0,3985.75995920004,0,0,0,0,0,0,138500.195519419,0,0,0,0,48650.8170279564,0,0,3625.95472112367,0,0,0,0,0,106796.706926617,0,0,0,0,0,50325.6119031583,0,0,0,0,0,0,0,0,0,0,0,0,128457446.643457,0,0,0,0
55031,0,3937.92678902116,0,0,0,0,0,0,137120.529200272,0,0,0,0,48164.709268918,0,0,3582.25791789197,0,0,0,0,0,105711.982268494,0,0,0,0,0,50798.0806836744,0,0,0,0,0,0,0,0,0,0,0,0,127390780.056781,0,0,0,0
55061,0,3890.77526444738,0,0,0,0,0,0,135756.688424885,0,0,0,0,47684.410983131,0,0,3539.1872934785,0,0,0,0,0,104639.827480996,0,0,0,0,0,51138.0034181795,0,0,0,0,0,0,0,0,0,0,0,0,126333523.977491,0,0,0,0
55092,0,3844.2937240271,0,0,0,0,0,0,134408.925485578,0,0,0,0,47210.1645291129,0,0,3496.73207061101,0,0,0,0,0,103580.072758383,0,0,0,0,0,51429.5460781009,0,0,0,0,0,0,0,0,0,0,0,0,125285587.784645,0,0,0,0
55122,0,3798.47074006623,0,0,0,0,0,0,133076.456559837,0,0,0,0,46741.4637292877,0,0,3454.88168923784,0,0,0,0,0,102532.551079436,0,0,0,0,0,51694.6291453505,0,0,0,0,0,0,0,0,0,0,0,0,124246881.848956,0,0,0,0
55153,0,3753.29511334801,0,0,0,0,0,0,131758.9130729,0,0,0,0,46278.110989294,0,0,3413.62580159915,0,0,0,0,0,101497.098150807,0,0,0,0,0,51945.38669659,0,0,0,0,0,0,0,0,0,0,0,0,123217317.519664,0,0,0,0
55184,0,3708.7558679828,0,0,0,0,0,0,130455.995802123,0,0,0,0,45819.9578688866,0,0,3372.95426741979,0,0,0,0,0,100473.55235178,0,0,0,0,0,52186.1420226875,0,0,0,0,0,0,0,0,0,0,0,0,122196806.720896,0,0,0,0
55212,0,3664.84224638423,0,0,0,0,0,0,129167.477568361,0,0,0,0,45366.9079299728,0,0,3332.85714922063,0,0,0,0,0,99461.7546804317,0,0,0,0,0,52416.5985269179,0,0,0,0,0,0,0,0,0,0,0,0,121185263.16919,0,0,0,0
55243,0,3621.54370436859,0,0,0,0,0,0,127893.165207901,0,0,0,0,44918.8878129632,0,0,3293.32470774529,0,0,0,0,0,98461.5487011252,0,0,0,0,0,52641.9899323799,0,0,0,0,0,0,0,0,0,0,0,0,120182601.073809,0,0,0,0
55273,0,3578.84990637421,0,0,0,0,0,0,126632.865256941,0,0,0,0,44475.8232232299,0,0,3254.3473974992,0,0,0,0,0,97472.7804933069,0,0,0,0,0,52860.7472102376,0,0,0,0,0,0,0,0,0,0,0,0,119188735.574208,0,0,0,0
55304,0,3536.75072079754,0,0,0,0,0,0,125386.39473238,0,0,0,0,44037.6466043305,0,0,3215.91586239805,0,0,0,0,0,96495.2986015668,0,0,0,0,0,53073.2999876214,0,0,0,0,0,0,0,0,0,0,0,0,118203582.726447,0,0,0,0
55334,0,3495.23621544319,0,0,0,0,0,0,124153.575004514,0,0,0,0,43604.2925263888,0,0,3178.02093152285,0,0,0,0,0,95528.9539869194,0,0,0,0,0,53279.9683872371,0,0,0,0,0,0,0,0,0,0,0,0,117227059.492686,0,0,0,0
55365,0,3789.19694085297,0,0,0,0,0,0,138387.412990597,0,0,0,0,48141.5596543575,0,0,3450.08877313441,0,0,0,0,0,107618.950109752,0,0,0,0,0,50996.4622982684,0,0,0,0,0,0,0,0,0,0,0,0,120707755.520822,0,0,0,0
55396,0,3742.43125339694,0,0,0,0,0,0,136995.81651622,0,0,0,0,47655.4727348346,0,0,3407.28616461464,0,0,0,0,0,106516.465272009,0,0,0,0,0,51472.4716733336,0,0,0,0,0,0,0,0,0,0,0,0,119699386.322868,0,0,0,0
55426,0,3696.36660947022,0,0,0,0,0,0,135620.213832412,0,0,0,0,47175.1926792826,0,0,3365.12976687492,0,0,0,0,0,105426.844859954,0,0,0,0,0,51826.7431717801,0,0,0,0,0,0,0,0,0,0,0,0,118699978.399396,0,0,0,0
55457,0,3650.99010022042,0,0,0,0,0,0,134260.825477914,0,0,0,0,46700.9464482869,0,0,3323.60758915357,0,0,0,0,0,104349.914369154,0,0,0,0,0,52136.480792739,0,0,0,0,0,0,0,0,0,0,0,0,117709444.597511,0,0,0,0
55487,0,3606.28909969468,0,0,0,0,0,0,132917.004628399,0,0,0,0,46232.3232871949,0,0,3282.70790527881,0,0,0,0,0,103285.502166242,0,0,0,0,0,52420.2366293412,0,0,0,0,0,0,0,0,0,0,0,0,116727698.732025,0,0,0,0
55518,0,3562.2512577964,0,0,0,0,0,0,131588.384735144,0,0,0,0,45769.1272327488,0,0,3242.4192470446,0,0,0,0,0,102233.439429885,0,0,0,0,0,52690.1092502994,0,0,0,0,0,0,0,0,0,0,0,0,115754655.5728,0,0,0,0
55549,0,3518.86449343363,0,0,0,0,0,0,130274.650009924,0,0,0,0,45311.1988346285,0,0,3202.73039776758,0,0,0,0,0,101193.560093283,0,0,0,0,0,52951.4376107121,0,0,0,0,0,0,0,0,0,0,0,0,114790230.722271,0,0,0,0
55578,0,3476.11698785362,0,0,0,0,0,0,128975.528478317,0,0,0,0,44858.4078456739,0,0,3163.63038601975,0,0,0,0,0,100165.700788152,0,0,0,0,0,53203.5055708392,0,0,0,0,0,0,0,0,0,0,0,0,113834341.077461,0,0,0,0
55609,0,3433.99717815805,0,0,0,0,0,0,127690.830532359,0,0,0,0,44410.6854726984,0,0,3125.10847953179,0,0,0,0,0,99149.7007901387,0,0,0,0,0,53451.60811831,0,0,0,0,0,0,0,0,0,0,0,0,112886904.197013,0,0,0,0
55639,0,3392.4937509938,0,0,0,0,0,0,126420.362999971,0,0,0,0,43967.9596045783,0,0,3087.15417926218,0,0,0,0,0,98145.4019656162,0,0,0,0,0,53694.0011878024,0,0,0,0,0,0,0,0,0,0,0,0,111947838.545091,0,0,0,0
55670,0,3351.59563641419,0,0,0,0,0,0,125163.94146737,0,0,0,0,43530.1631950331,0,0,3049.75721362728,0,0,0,0,0,97152.6487198269,0,0,0,0,0,53931.0750890884,0,0,0,0,0,0,0,0,0,0,0,0,111017063.47918,0,0,0,0
55700,0,3311.29200190572,0,0,0,0,0,0,123921.384525001,0,0,0,0,43097.2302705728,0,0,3012.90753288759,0,0,0,0,0,96171.2879463244,0,0,0,0,0,54163.1128579003,0,0,0,0,0,0,0,0,0,0,0,0,110094499.239427,0,0,0,0
55731,0,3762.8085042268,0,0,0,0,0,0,137454.573031673,0,0,0,0,47408.2984580178,0,0,3428.64221552868,0,0,0,0,0,107876.417311316,0,0,0,0,0,52776.0164010763,0,0,0,0,0,0,0,0,0,0,0,0,113513994.890295,0,0,0,0
55762,0,3715.63851595633,0,0,0,0,0,0,136061.50007458,0,0,0,0,46925.1294986877,0,0,3385.39497243028,0,0,0,0,0,106764.275644299,0,0,0,0,0,53265.7972470079,0,0,0,0,0,0,0,0,0,0,0,0,112559706.179093,0,0,0,0
55792,0,3669.20097620947,0,0,0,0,0,0,134684.554375582,0,0,0,0,46447.7560651169,0,0,3342.82524079351,0,0,0,0,0,105665.196497833,0,0,0,0,0,53637.3300198083,0,0,0,0,0,0,0,0,0,0,0,0,111613963.904426,0,0,0,0
55823,0,3623.48154524032,0,0,0,0,0,0,133323.968628106,0,0,0,0,45976.446672446,0,0,3300.91962568914,0,0,0,0,0,104579.000937412,0,0,0,0,0,53964.6955892983,0,0,0,0,0,0,0,0,0,0,0,0,110676684.0882,0,0,0,0
55853,0,3578.46622481194,0,0,0,0,0,0,131979.081876482,0,0,0,0,45510.7896113932,0,0,3259.66505402234,0,0,0,0,0,103505.513028863,0,0,0,0,0,54266.6795042221,0,0,0,0,0,0,0,0,0,0,0,0,109747783.70061,0,0,0,0
55884,0,3534.14134882918,0,0,0,0,0,0,130649.530942539,0,0,0,0,45050.5924939033,0,0,3219.0487656424,0,0,0,0,0,102444.559774532,0,0,0,0,0,54554.6394568701,0,0,0,0,0,0,0,0,0,0,0,0,108827180.64748,0,0,0,0
55915,0,3490.49357425452,0,0,0,0,0,0,129335.000189239,0,0,0,0,44595.6966450761,0,0,3179.05830472241,0,0,0,0,0,101395.971051195,0,0,0,0,0,54832.6985477472,0,0,0,0,0,0,0,0,0,0,0,0,107914793.366417,0,0,0,0
55943,0,3447.50987229775,0,0,0,0,0,0,128035.245432632,0,0,0,0,44145.9947941508,0,0,3139.68151140023,0,0,0,0,0,100359.57954966,0,0,0,0,0,55100.4404588306,0,0,0,0,0,0,0,0,0,0,0,0,107010541.772532,0,0,0,0
55974,0,3405.1775198706,0,0,0,0,0,0,126750.064651391,0,0,0,0,43701.4095388098,0,0,3100.90651367233,0,0,0,0,0,99335.2207159808,0,0,0,0,0,55363.3979215842,0,0,0,0,0,0,0,0,0,0,0,0,106114346.506603,0,0,0,0
56004,0,3363.48409129802,0,0,0,0,0,0,125479.253690873,0,0,0,0,43261.8610183253,0,0,3062.72171953222,0,0,0,0,0,98322.7326942419,0,0,0,0,0,55619.7751769151,0,0,0,0,0,0,0,0,0,0,0,0,105226129.096196,0,0,0,0
56035,0,3322.41745027748,0,0,0,0,0,0,124222.621587835,0,0,0,0,42827.278058308,0,0,3025.11580934573,0,0,0,0,0,97321.9562708545,0,0,0,0,0,55870.0051978037,0,0,0,0,0,0,0,0,0,0,0,0,104345811.941783,0,0,0,0
56065,0,3281.96574207879,0,0,0,0,0,0,122979.981439808,0,0,0,0,42397.5914082641,0,0,2988.07772845535,0,0,0,0,0,96332.7348203128,0,0,0,0,0,56114.4146502067,0,0,0,0,0,0,0,0,0,0,0,0,103473318.305977,0,0,0,0
56096,0,3181.00559198197,0,0,0,0,0,0,136980.600392788,0,0,0,0,46489.4340798978,0,0,2895.3080192553,0,0,0,0,0,108646.793887233,0,0,0,0,0,53980.853122972,0,0,0,0,0,0,0,0,0,0,0,0,106420696.275982,0,0,0,0
56127,0,3143.46930614525,0,0,0,0,0,0,135574.544629984,0,0,0,0,46011.8488784617,0,0,2860.85986966858,0,0,0,0,0,107513.692190573,0,0,0,0,0,54468.1951478974,0,0,0,0,0,0,0,0,0,0,0,0,105520151.372546,0,0,0,0
56157,0,3106.51200499731,0,0,0,0,0,0,134185.398512895,0,0,0,0,45540.3533034868,0,0,2826.95102065696,0,0,0,0,0,106394.06983728,0,0,0,0,0,54836.2303538269,0,0,0,0,0,0,0,0,0,0,0,0,104627731.177431,0,0,0,0
56188,0,3070.12116550673,0,0,0,0,0,0,132813.048683849,0,0,0,0,45074.9478243564,0,0,2793.56961010469,0,0,0,0,0,105287.739453729,0,0,0,0,0,55162.1067988145,0,0,0,0,0,0,0,0,0,0,0,0,103743355.15356,0,0,0,0
56218,0,3034.28461971583,0,0,0,0,0,0,131456.710237477,0,0,0,0,44615.1408976688,0,0,2760.70411650793,0,0,0,0,0,104194.516868561,0,0,0,0,0,55464.0076974032,0,0,0,0,0,0,0,0,0,0,0,0,102866943.685745,0,0,0,0
56249,0,2998.99054296277,0,0,0,0,0,0,130116.021621679,0,0,0,0,44160.7478502529,0,0,2728.34334758412,0,0,0,0,0,103114.22104253,0,0,0,0,0,55752.6576886278,0,0,0,0,0,0,0,0,0,0,0,0,101998418.067928,0,0,0,0
56280,0,2964.22744252886,0,0,0,0,0,0,128790.672206847,0,0,0,0,43711.6199966857,0,0,2696.4764292947,0,0,0,0,0,102046.674000358,0,0,0,0,0,56031.1316131385,0,0,0,0,0,0,0,0,0,0,0,0,101137700.270413,0,0,0,0
56308,0,2929.984146695,0,0,0,0,0,0,127480.416841435,0,0,0,0,43267.6548327146,0,0,2665.09279526571,0,0,0,0,0,100991.700764526,0,0,0,0,0,56299.681064665,0,0,0,0,0,0,0,0,0,0,0,0,100284713.607617,0,0,0,0
56339,0,2896.24979419161,0,0,0,0,0,0,126185.048112343,0,0,0,0,42828.7757401694,0,0,2634.18217659087,0,0,0,0,0,99949.1292909237,0,0,0,0,0,56563.882142071,0,0,0,0,0,0,0,0,0,0,0,0,99439382.0236109,0,0,0,0
56369,0,2863.0138240273,0,0,0,0,0,0,124904.356594799,0,0,0,0,42394.9037375972,0,0,2603.7345920028,0,0,0,0,0,98918.7904062891,0,0,0,0,0,56821.7699235064,0,0,0,0,0,0,0,0,0,0,0,0,98601630.3224867,0,0,0,0
56400,0,2830.26596568187,0,0,0,0,0,0,123638.145477344,0,0,0,0,41965.9678687901,0,0,2573.74033839821,0,0,0,0,0,97900.5177473818,0,0,0,0,0,57073.7391431928,0,0,0,0,0,0,0,0,0,0,0,0,97771384.1553314,0,0,0,0
56430,0,2797.99622964989,0,0,0,0,0,0,122386.221545439,0,0,0,0,41541.8986877346,0,0,2544.18998170387,0,0,0,0,0,96894.147701814,0,0,0,0,0,57320.0854056376,0,0,0,0,0,0,0,0,0,0,0,0,96948570.0092468,0,0,0,0
56461,0,3046.28627221006,0,0,0,0,0,0,136262.568944953,0,0,0,0,45872.090208822,0,0,2773.92202832634,0,0,0,0,0,109050.856915363,0,0,0,0,0,55511.7251105429,0,0,0,0,0,0,0,0,0,0,0,0,99727854.8626468,0,0,0,0
56492,0,3009.8168138027,0,0,0,0,0,0,134847.135745905,0,0,0,0,45395.1222123559,0,0,2740.4013667971,0,0,0,0,0,107901.108595312,0,0,0,0,0,56009.9352860402,0,0,0,0,0,0,0,0,0,0,0,0,98877271.6950912,0,0,0,0
56522,0,2973.92749154828,0,0,0,0,0,0,133448.97226059,0,0,0,0,44924.3566028327,0,0,2707.42367137288,0,0,0,0,0,106765.203021964,0,0,0,0,0,56394.0225181134,0,0,0,0,0,0,0,0,0,0,0,0,98034439.3533674,0,0,0,0
56553,0,2938.60490612326,0,0,0,0,0,0,132067.999577209,0,0,0,0,44459.8051583401,0,0,2674.97613153503,0,0,0,0,0,105642.945137531,0,0,0,0,0,56734.0698447013,0,0,0,0,0,0,0,0,0,0,0,0,97199279.9808268,0,0,0,0
56583,0,2903.83607578779,0,0,0,0,0,0,130703.375805717,0,0,0,0,44000.9345005639,0,0,2643.04634247004,0,0,0,0,0,104534.143278189,0,0,0,0,0,57049.1139599398,0,0,0,0,0,0,0,0,0,0,0,0,96371716.6294112,0,0,0,0
56614,0,2869.60842096276,0,0,0,0,0,0,129354.706190669,0,0,0,0,43547.5407224766,0,0,2611.62228992929,0,0,0,0,0,103438.609097252,0,0,0,0,0,57350.6466341411,0,0,0,0,0,0,0,0,0,0,0,0,95551673.2466759,0,0,0,0
56645,0,2835.90974943033,0,0,0,0,0,0,128021.66334741,0,0,0,0,43099.4677121708,0,0,2580.69233570518,0,0,0,0,0,102356.157490709,0,0,0,0,0,57642.1067222353,0,0,0,0,0,0,0,0,0,0,0,0,94739074.6051317,0,0,0,0
56673,0,2802.7282421313,0,0,0,0,0,0,126703.990160675,0,0,0,0,42656.6076711305,0,0,2550.24520369706,0,0,0,0,0,101286.606525023,0,0,0,0,0,57923.6075123025,0,0,0,0,0,0,0,0,0,0,0,0,93933846.4804903,0,0,0,0
56704,0,2770.05243953403,0,0,0,0,0,0,125401.473481933,0,0,0,0,42218.8827864357,0,0,2520.2699665419,0,0,0,0,0,100229.777367099,0,0,0,0,0,58200.8214165981,0,0,0,0,0,0,0,0,0,0,0,0,93135915.428536,0,0,0,0
56734,0,2737.87122855047,0,0,0,0,0,0,124113.900846012,0,0,0,0,41786.2149076427,0,0,2490.75603278548,0,0,0,0,0,99185.4942163251,0,0,0,0,0,58471.6420570416,0,0,0,0,0,0,0,0,0,0,0,0,92345208.8507632,0,0,0,0
56765,0,2706.17382997611,0,0,0,0,0,0,122841.070244165,0,0,0,0,41358.5320445591,0,0,2461.69313457097,0,0,0,0,0,98153.5842385979,0,0,0,0,0,58736.4379138112,0,0,0,0,0,0,0,0,0,0,0,0,91561654.9811355,0,0,0,0
56795,0,2674.94978643172,0,0,0,0,0,0,121582.783332638,0,0,0,0,40935.7637122913,0,0,2433.07131582295,0,0,0,0,0,97133.8775022531,0,0,0,0,0,58995.4642272151,0,0,0,0,0,0,0,0,0,0,0,0,90785182.8749267,0,0,0,0
56826,0,2063.76322184816,0,0,0,0,0,0,135321.322775177,0,0,0,0,44499.3809232579,0,0,1883.37314447745,0,0,0,0,0,109539.532218283,0,0,0,0,0,57101.2762075105,0,0,0,0,0,0,0,0,0,0,0,0,92349609.3039335,0,0,0,0
56857,0,2037.46042624109,0,0,0,0,0,0,133896.268406284,0,0,0,0,44030.0583418448,0,0,1859.03071340143,0,0,0,0,0,108370.570590255,0,0,0,0,0,57612.7785253598,0,0,0,0,0,0,0,0,0,0,0,0,91557008.4869568,0,0,0,0
56887,0,2011.64053262248,0,0,0,0,0,0,132489.057400962,0,0,0,0,43567.1045106737,0,0,1835.1462155425,0,0,0,0,0,107215.861433693,0,0,0,0,0,58016.3200079018,0,0,0,0,0,0,0,0,0,0,0,0,90771693.0983453,0,0,0,0
56918,0,1986.29024613148,0,0,0,0,0,0,131099.43426971,0,0,0,0,43110.3945812482,0,0,1811.70673478633,0,0,0,0,0,106075.201375781,0,0,0,0,0,58374.8865538311,0,0,0,0,0,0,0,0,0,0,0,0,89993588.9946111,0,0,0,0
56948,0,1961.3967526133,0,0,0,0,0,0,129726.549935927,0,0,0,0,42659.3983122936,0,0,1788.69982986398,0,0,0,0,0,104948.390642024,0,0,0,0,0,58707.472109392,0,0,0,0,0,0,0,0,0,0,0,0,89222622.9158609,0,0,0,0
56979,0,1936.94769856451,0,0,0,0,0,0,128369.975003557,0,0,0,0,42213.8932181474,0,0,1766.11351432275,0,0,0,0,0,103835.232970623,0,0,0,0,0,59026.0349004148,0,0,0,0,0,0,0,0,0,0,0,0,88458722.4724078,0,0,0,0
57010,0,1912.93117198439,0,0,0,0,0,0,127029.352624049,0,0,0,0,41773.7074096238,0,0,1743.93623740925,0,0,0,0,0,102735.535530022,0,0,0,0,0,59334.7412354656,0,0,0,0,0,0,0,0,0,0,0,0,87701816.0326596,0,0,0,0
57039,0,1889.3356840894,0,0,0,0,0,0,125704.387149211,0,0,0,0,41338.709098646,0,0,1722.15686582081,0,0,0,0,0,101649.108839421,0,0,0,0,0,59633.7054110868,0,0,0,0,0,0,0,0,0,0,0,0,86951833.0833235,0,0,0,0
57070,0,1866.1501518495,0,0,0,0,0,0,124394.862678991,0,0,0,0,40908.8223139691,0,0,1700.76466628399,0,0,0,0,0,100575.766692043,0,0,0,0,0,59928.6711263359,0,0,0,0,0,0,0,0,0,0,0,0,86208703.7652454,0,0,0,0
57100,0,1843.36388130759,0,0,0,0,0,0,123100.561440434,0,0,0,0,40483.9689711431,0,0,1679.74928892052,0,0,0,0,0,99515.3260810027,0,0,0,0,0,60217.4076447375,0,0,0,0,0,0,0,0,0,0,0,0,85472359.039555,0,0,0,0
57131,0,1820.96655164491,0,0,0,0,0,0,121821.275858126,0,0,0,0,40064.0767216026,0,0,1659.10075136327,0,0,0,0,0,98467.6071276001,0,0,0,0,0,60500.2901524957,0,0,0,0,0,0,0,0,0,0,0,0,84742730.6745369,0,0,0,0
57161,0,1798.94819995714,0,0,0,0,0,0,120556.80157897,0,0,0,0,39649.0743211112,0,0,1638.80942358661,0,0,0,0,0,97432.4330119202,0,0,0,0,0,60777.5980155261,0,0,0,0,0,0,0,0,0,0,0,0,84019751.23384,0,0,0,0
57192,0,2111.97650781862,0,0,0,0,0,0,132866.994028186,0,0,0,0,43534.644984958,0,0,1926.26072932879,0,0,0,0,0,108195.433797727,0,0,0,0,0,58621.138024343,0,0,0,0,0,0,0,0,0,0,0,0,86030110.3603234,0,0,0,0
57223,0,2085.59980194138,0,0,0,0,0,0,131456.119558669,0,0,0,0,43071.5825808524,0,0,1901.85733052615,0,0,0,0,0,107032.973282946,0,0,0,0,0,59126.6849839352,0,0,0,0,0,0,0,0,0,0,0,0,85285303.2204169,0,0,0,0
57253,0,2059.69868537954,0,0,0,0,0,0,130062.967820853,0,0,0,0,42614.7807605928,0,0,1877.90664289367,0,0,0,0,0,105884.774532417,0,0,0,0,0,59532.013677452,0,0,0,0,0,0,0,0,0,0,0,0,84547415.354541,0,0,0,0
57284,0,2034.25967838004,0,0,0,0,0,0,128687.345124042,0,0,0,0,42164.1731904531,0,0,1854.3954343735,0,0,0,0,0,104750.632649072,0,0,0,0,0,59896.5394391473,0,0,0,0,0,0,0,0,0,0,0,0,83816375.4660383,0,0,0,0
57314,0,2009.26982598789,0,0,0,0,0,0,127328.369342258,0,0,0,0,41719.2128196055,0,0,1831.31099908472,0,0,0,0,0,103630.346385705,0,0,0,0,0,60237.0480408493,0,0,0,0,0,0,0,0,0,0,0,0,83092113.1212151,0,0,0,0
57345,0,1984.71667401882,0,0,0,0,0,0,125985.634103212,0,0,0,0,41279.6940508019,0,0,1808.64113290178,0,0,0,0,0,102523.718060172,0,0,0,0,0,60563.9914230247,0,0,0,0,0,0,0,0,0,0,0,0,82374558.7355517,0,0,0,0
57376,0,1960.58824623192,0,0,0,0,0,0,124658.801069543,0,0,0,0,40845.4583905115,0,0,1786.37411026456,0,0,0,0,0,101430.553473167,0,0,0,0,0,60881.8251713326,0,0,0,0,0,0,0,0,0,0,0,0,81663643.3144706,0,0,0,0
57404,0,1936.87302263883,0,0,0,0,0,0,123347.555893926,0,0,0,0,40416.3641493177,0,0,1764.49866215451,0,0,0,0,0,100350.661828476,0,0,0,0,0,61189.9958420012,0,0,0,0,0,0,0,0,0,0,0,0,80959299.0952177,0,0,0,0
57435,0,1913.55991888959,0,0,0,0,0,0,122051.689468731,0,0,0,0,39992.3399333818,0,0,1743.00395517493,0,0,0,0,0,99283.8556556256,0,0,0,0,0,61494.1310047378,0,0,0,0,0,0,0,0,0,0,0,0,80261458.9659486,0,0,0,0
57465,0,1890.63826667848,0,0,0,0,0,0,120770.993085066,0,0,0,0,39573.3137840445,0,0,1721.87957167695,0,0,0,0,0,98229.9507348127,0,0,0,0,0,61791.870643514,0,0,0,0,0,0,0,0,0,0,0,0,79570056.6142602,0,0,0,0
57496,0,1868.09779511642,0,0,0,0,0,0,119505.262072473,0,0,0,0,39159.215561895,0,0,1701.11549087578,0,0,0,0,0,97188.7660240617,0,0,0,0,0,62083.5314433533,0,0,0,0,0,0,0,0,0,0,0,0,78885026.5144256,0,0,0,0
57526,0,1845.92861301933,0,0,0,0,0,0,118254.293942156,0,0,0,0,38749.9755971491,0,0,1680.70207090518,0,0,0,0,0,96160.1235885027,0,0,0,0,0,62369.3413249703,0,0,0,0,0,0,0,0,0,0,0,0,78206303.9152983,0,0,0,0
57557,0,2174.55583431965,0,0,0,0,0,0,130702.557264143,0,0,0,0,42190.0221613746,0,0,1982.28129813589,0,0,0,0,0,108055.650429716,0,0,0,0,0,57559.3008864184,0,0,0,0,0,0,0,0,0,0,0,0,79833917.4029278,0,0,0,0
57588,0,2147.82510122023,0,0,0,0,0,0,129294.74084628,0,0,0,0,41734.2012706333,0,0,1957.57645600903,0,0,0,0,0,106880.642993663,0,0,0,0,0,58043.9787230572,0,0,0,0,0,0,0,0,0,0,0,0,79135917.8151549,0,0,0,0
57618,0,2121.56252243849,0,0,0,0,0,0,127904.87740352,0,0,0,0,41284.6390027365,0,0,1933.31809349614,0,0,0,0,0,105720.239622435,0,0,0,0,0,58445.0310105337,0,0,0,0,0,0,0,0,0,0,0,0,78444482.6642733,0,0,0,0
57649,0,2095.7547379749,0,0,0,0,0,0,126532.4813868,0,0,0,0,40841.0686546217,0,0,1909.49297517764,0,0,0,0,0,104574.227685496,0,0,0,0,0,58813.9109206793,0,0,0,0,0,0,0,0,0,0,0,0,77759543.2492951,0,0,0,0
57679,0,2070.38893881232,0,0,0,0,0,0,125176.832376978,0,0,0,0,40403.0646944583,0,0,1886.0884263991,0,0,0,0,0,103442.398399328,0,0,0,0,0,59162.3822550007,0,0,0,0,0,0,0,0,0,0,0,0,77081031.7170325,0,0,0,0
57710,0,2045.45283951081,0,0,0,0,0,0,123837.571581713,0,0,0,0,39970.458558035,0,0,1863.0923048971,0,0,0,0,0,102324.546735533,0,0,0,0,0,59499.0439012147,0,0,0,0,0,0,0,0,0,0,0,0,76408881.0486747,0,0,0,0
57741,0,2020.93465230471,0,0,0,0,0,0,122514.389315887,0,0,0,0,39543.1152451586,0,0,1840.49297399972,0,0,0,0,0,101220.471331886,0,0,0,0,0,59827.9383545236,0,0,0,0,0,0,0,0,0,0,0,0,75743025.0124467,0,0,0,0
57769,0,1996.82306261414,0,0,0,0,0,0,121207.005580849,0,0,0,0,39120.9169261804,0,0,1818.27927730887,0,0,0,0,0,100129.974406213,0,0,0,0,0,60147.7626598766,0,0,0,0,0,0,0,0,0,0,0,0,75083398.2844753,0,0,0,0
57800,0,1973.10720588885,0,0,0,0,0,0,119915.202414314,0,0,0,0,38703.7899860251,0,0,1796.44051477729,0,0,0,0,0,99052.8616729691,0,0,0,0,0,60464.3169069469,0,0,0,0,0,0,0,0,0,0,0,0,74429936.2703744,0,0,0,0
57830,0,1949.77664570696,0,0,0,0,0,0,118638.762760775,0,0,0,0,38291.6604368451,0,0,1774.96642009872,0,0,0,0,0,97988.9422624324,0,0,0,0,0,60774.9094569156,0,0,0,0,0,0,0,0,0,0,0,0,73782575.1593037,0,0,0,0
57861,0,1926.82135305619,0,0,0,0,0,0,117377.475158036,0,0,0,0,37884.4566950433,0,0,1753.84713933441,0,0,0,0,0,96938.0286423804,0,0,0,0,0,61079.7811485766,0,0,0,0,0,0,0,0,0,0,0,0,73141251.9115015,0,0,0,0
57891,0,1904.23168672928,0,0,0,0,0,0,116131.130826307,0,0,0,0,37482.1078557225,0,0,1733.07321070407,0,0,0,0,0,95899.9365421699,0,0,0,0,0,61379.1009616339,0,0,0,0,0,0,0,0,0,0,0,0,72505904.2463447,0,0,0,0
57922,0,2260.19230874882,0,0,0,0,0,0,128963.786516308,0,0,0,0,41404.008400468,0,0,2059.39552853662,0,0,0,0,0,107465.844914314,0,0,0,0,0,61007.9511644514,0,0,0,0,0,0,0,0,0,0,0,0,74823563.1582786,0,0,0,0
57953,0,2232.74599575644,0,0,0,0,0,0,127559.317199848,0,0,0,0,40951.7160688467,0,0,2034.06900975229,0,0,0,0,0,106283.549601089,0,0,0,0,0,61505.1927994476,0,0,0,0,0,0,0,0,0,0,0,0,74163299.7888521,0,0,0,0
57983,0,2205.76262812618,0,0,0,0,0,0,126172.874380742,0,0,0,0,40505.6337919928,0,0,2009.18400218404,0,0,0,0,0,105116.090688969,0,0,0,0,0,61920.5733666283,0,0,0,0,0,0,0,0,0,0,0,0,73509316.7067623,0,0,0,0
58014,0,2179.22918936558,0,0,0,0,0,0,124804.159805405,0,0,0,0,40065.6302107541,0,0,1984.72751670683,0,0,0,0,0,103963.250542245,0,0,0,0,0,62304.2569725528,0,0,0,0,0,0,0,0,0,0,0,0,72861547.3099423,0,0,0,0
58044,0,2153.13322122047,0,0,0,0,0,0,123452.372001606,0,0,0,0,39631.2304246627,0,0,1960.68713991839,0,0,0,0,0,102824.81550172,0,0,0,0,0,62667.3629032185,0,0,0,0,0,0,0,0,0,0,0,0,72219925.8305371,0,0,0,0
58075,0,2127.46279401386,0,0,0,0,0,0,122117.131961507,0,0,0,0,39202.255198594,0,0,1937.05100293429,0,0,0,0,0,101700.575786766,0,0,0,0,0,63018.1911689466,0,0,0,0,0,0,0,0,0,0,0,0,71584387.3212649,0,0,0,0
58106,0,2102.20647873395,0,0,0,0,0,0,120798.114813874,0,0,0,0,38778.5618671764,0,0,1913.80775204894,0,0,0,0,0,100590.325400772,0,0,0,0,0,63359.1110903981,0,0,0,0,0,0,0,0,0,0,0,0,70954867.5586631,0,0,0,0
58134,0,2077.35332076104,0,0,0,0,0,0,119495.059981299,0,0,0,0,38360.0505087771,0,0,1890.94652114376,0,0,0,0,0,99493.8620398302,0,0,0,0,0,63689.1955376744,0,0,0,0,0,0,0,0,0,0,0,0,70331303.2509819,0,0,0,0
58165,0,2052.89281513067,0,0,0,0,0,0,118207.736576757,0,0,0,0,37946.6400957461,0,0,1868.45690573178,0,0,0,0,0,98410.987004503,0,0,0,0,0,64014.9395490135,0,0,0,0,0,0,0,0,0,0,0,0,69713631.8354305,0,0,0,0
58195,0,2028.814883237,0,0,0,0,0,0,116935.913362389,0,0,0,0,37538.2483546005,0,0,1846.32893853515,0,0,0,0,0,97341.5051145282,0,0,0,0,0,64333.644732429,0,0,0,0,0,0,0,0,0,0,0,0,69101791.5189932,0,0,0,0
58226,0,2005.10985088664,0,0,0,0,0,0,115679.371134341,0,0,0,0,37134.8000442367,0,0,1824.55306649913,0,0,0,0,0,96285.224626338,0,0,0,0,0,64645.6746062469,0,0,0,0,0,0,0,0,0,0,0,0,68495721.2658859,0,0,0,0
58256,0,1981.76842761923,0,0,0,0,0,0,114437.894540038,0,0,0,0,36736.2214383851,0,0,1803.12012915214,0,0,0,0,0,95241.9571532596,0,0,0,0,0,64951.2763720099,0,0,0,0,0,0,0,0,0,0,0,0,67895360.7856105,0,0,0,0
58287,0,2260.26998198747,0,0,0,0,0,0,127376.410101011,0,0,0,0,40593.6213763325,0,0,2059.02301404261,0,0,0,0,0,106978.149779321,0,0,0,0,0,64208.7126359473,0,0,0,0,0,0,0,0,0,0,0,0,69960927.3542985,0,0,0,0
58318,0,2233.0665551215,0,0,0,0,0,0,125971.383918744,0,0,0,0,40144.340413082,0,0,2033.9580960076,0,0,0,0,0,105787.827918897,0,0,0,0,0,64712.7813275266,0,0,0,0,0,0,0,0,0,0,0,0,69337459.2126371,0,0,0,0
58348,0,2206.30562580084,0,0,0,0,0,0,124584.814769859,0,0,0,0,39701.4236938041,0,0,2009.31493030379,0,0,0,0,0,104612.607655091,0,0,0,0,0,65132.8967164478,0,0,0,0,0,0,0,0,0,0,0,0,68719980.4628182,0,0,0,0
58379,0,2179.97502591189,0,0,0,0,0,0,123216.321330595,0,0,0,0,39264.6924827899,0,0,1985.0812616996,0,0,0,0,0,103452.265633501,0,0,0,0,0,65524.9997919971,0,0,0,0,0,0,0,0,0,0,0,0,68108426.8753507,0,0,0,0
58409,0,2154.06313282388,0,0,0,0,0,0,121864.950936266,0,0,0,0,38833.5750772484,0,0,1961.24540935623,0,0,0,0,0,102306.582602305,0,0,0,0,0,65900.2183166004,0,0,0,0,0,0,0,0,0,0,0,0,67502735.0350477,0,0,0,0
58440,0,2128.55883765987,0,0,0,0,0,0,120530.312592181,0,0,0,0,38407.8871116878,0,0,1937.79623248299,0,0,0,0,0,101175.343309912,0,0,0,0,0,66265.7526927388,0,0,0,0,0,0,0,0,0,0,0,0,66902842.3279243,0,0,0,0
58471,0,2103.45151565941,0,0,0,0,0,0,119212.083174622,0,0,0,0,37987.4897984686,0,0,1914.7230983013,0,0,0,0,0,100058.33640627,0,0,0,0,0,66625.5719633943,0,0,0,0,0,0,0,0,0,0,0,0,66308685.9124636,0,0,0,0
58500,0,2078.73099848375,0,0,0,0,0,0,117909.926571882,0,0,0,0,37572.2344482087,0,0,1892.01585215039,0,0,0,0,0,98955.3543476579,0,0,0,0,0,66978.224811249,0,0,0,0,0,0,0,0,0,0,0,0,65720204.8606707,0,0,0,0
58531,0,2054.38754832615,0,0,0,0,0,0,116623.625378206,0,0,0,0,37162.0519260585,0,0,1869.66478958038,0,0,0,0,0,97866.1933047965,0,0,0,0,0,67329.5996672664,0,0,0,0,0,0,0,0,0,0,0,0,65137338.9062834,0,0,0,0
58561,0,2030.41183369988,0,0,0,0,0,0,115352.964357517,0,0,0,0,36756.8735146474,0,0,1847.66063029041,0,0,0,0,0,96790.6530741063,0,0,0,0,0,67676.5346300471,0,0,0,0,0,0,0,0,0,0,0,0,64560028.5334232,0,0,0,0
58592,0,2006.79490678604,0,0,0,0,0,0,114097.727995234,0,0,0,0,36356.629105195,0,0,1825.99449378007,0,0,0,0,0,95728.5369919826,0,0,0,0,0,68019.1363536563,0,0,0,0,0,0,0,0,0,0,0,0,63988214.9644514,0,0,0,0
58622,0,1983.52818223241,0,0,0,0,0,0,112857.702565282,0,0,0,0,35961.2486453112,0,0,1804.65787659243,0,0,0,0,0,94679.6518519358,0,0,0,0,0,68357.478206812,0,0,0,0,0,0,0,0,0,0,0,0,63421840.148191,0,0,0,0
58653,0,2201.07426097005,0,0,0,0,0,0,125658.313564233,0,0,0,0,39744.6726812596,0,0,2002.87279340103,0,0,0,0,0,106347.624286594,0,0,0,0,0,65249.3678847144,0,0,0,0,0,0,0,0,0,0,0,0,65290932.0887092,0,0,0,0
58684,0,2175.70962627093,0,0,0,0,0,0,124253.818919657,0,0,0,0,39299.7218028563,0,0,1979.56678177472,0,0,0,0,0,105151.864813453,0,0,0,0,0,65741.6583516673,0,0,0,0,0,0,0,0,0,0,0,0,64703162.1927875,0,0,0,0
58714,0,2150.72745607324,0,0,0,0,0,0,122867.625602765,0,0,0,0,38860.857564046,0,0,1956.62480535224,0,0,0,0,0,103971.47136055,0,0,0,0,0,66156.0266021277,0,0,0,0,0,0,0,0,0,0,0,0,64121115.3216862,0,0,0,0
58745,0,2126.11760219583,0,0,0,0,0,0,121499.611107584,0,0,0,0,38428.0830643069,0,0,1934.03653429777,0,0,0,0,0,102806.213611104,0,0,0,0,0,66543.9749844341,0,0,0,0,0,0,0,0,0,0,0,0,63544729.1285625,0,0,0,0
58775,0,2101.87039617092,0,0,0,0,0,0,120148.875026164,0,0,0,0,38000.8705814317,0,0,1911.79215463715,0,0,0,0,0,101655.86555209,0,0,0,0,0,66917.0099006232,0,0,0,0,0,0,0,0,0,0,0,0,62973942.0698759,0,0,0,0
58806,0,2077.97661880314,0,0,0,0,0,0,118815.046852936,0,0,0,0,37579.0542450429,0,0,1889.88233444069,0,0,0,0,0,100520.205361578,0,0,0,0,0,67281.1526602727,0,0,0,0,0,0,0,0,0,0,0,0,62408693.3908497,0,0,0,0
58837,0,2054.42747192997,0,0,0,0,0,0,117497.821849864,0,0,0,0,37162.5118687424,0,0,1868.29819250972,0,0,0,0,0,99399.0153006101,0,0,0,0,0,67637.9094172653,0,0,0,0,0,0,0,0,0,0,0,0,61848922.8383755,0,0,0,0
58865,0,2031.21455221109,0,0,0,0,0,0,116196.934149301,0,0,0,0,36751.1459652132,0,0,1847.0312693665,0,0,0,0,0,98292.081609355,0,0,0,0,0,67986.1356614842,0,0,0,0,0,0,0,0,0,0,0,0,61294571.4118174,0,0,0,0
58896,0,2008.32982678848,0,0,0,0,0,0,114912.148657703,0,0,0,0,36344.8792639755,0,0,1826.07350036439,0,0,0,0,0,97199.1944072991,0,0,0,0,0,68332.0480407373,0,0,0,0,0,0,0,0,0,0,0,0,60745580.6504991,0,0,0,0
58926,0,1985.7656106721,0,0,0,0,0,0,113643.234697679,0,0,0,0,35943.6364002388,0,0,1805.41719075037,0,0,0,0,0,96120.1475972393,0,0,0,0,0,68672.4889917679,0,0,0,0,0,0,0,0,0,0,0,0,60201892.8319612,0,0,0,0
58957,0,1963.51454571833,0,0,0,0,0,0,112389.966347272,0,0,0,0,35547.3438738739,0,0,1785.0549925265,0,0,0,0,0,95054.7387728669,0,0,0,0,0,69007.6104732866,0,0,0,0,0,0,0,0,0,0,0,0,59663450.9604861,0,0,0,0
58987,0,1941.56958107903,0,0,0,0,0,0,111152.121458482,0,0,0,0,35155.9294800731,0,0,1764.97988296945,0,0,0,0,0,94002.7691297489,0,0,0,0,0,69337.4902606572,0,0,0,0,0,0,0,0,0,0,0,0,59130198.7558053,0,0,0,0
59018,0,1926.1868463922,0,0,0,0,0,0,124041.807368821,0,0,0,0,38816.7769716229,0,0,1753.13959805477,0,0,0,0,0,105739.247858345,0,0,0,0,0,67542.6540224245,0,0,0,0,0,0,0,0,0,0,0,0,60885976.4680805,0,0,0,0
59049,0,1903.61564546068,0,0,0,0,0,0,122637.239925352,0,0,0,0,38376.4459394223,0,0,1732.42685129407,0,0,0,0,0,104535.605944611,0,0,0,0,0,68048.1592074618,0,0,0,0,0,0,0,0,0,0,0,0,60332308.7043947,0,0,0,0
59079,0,1881.3800769442,0,0,0,0,0,0,121251.299214872,0,0,0,0,37942.2625355877,0,0,1712.03187588158,0,0,0,0,0,103347.618264834,0,0,0,0,0,68476.8235545354,0,0,0,0,0,0,0,0,0,0,0,0,59784100.13021,0,0,0,0
59110,0,1859.47171161283,0,0,0,0,0,0,119883.799193355,0,0,0,0,37514.1935854312,0,0,1691.94611009441,0,0,0,0,0,102175.047615912,0,0,0,0,0,68879.1974757577,0,0,0,0,0,0,0,0,0,0,0,0,59241290.3947472,0,0,0,0
59140,0,1837.88251214982,0,0,0,0,0,0,118533.810533578,0,0,0,0,37091.6989520113,0,0,1672.16141850702,0,0,0,0,0,101017.661322657,0,0,0,0,0,69266.4902307289,0,0,0,0,0,0,0,0,0,0,0,0,58703819.9362795,0,0,0,0
59171,0,1816.60480718707,0,0,0,0,0,0,117200.956561548,0,0,0,0,36674.6128019886,0,0,1652.67006248833,0,0,0,0,0,99875.2311074533,0,0,0,0,0,69644.4204145577,0,0,0,0,0,0,0,0,0,0,0,0,58171629.9675676,0,0,0,0
59202,0,1795.63126736183,0,0,0,0,0,0,115884.925785443,0,0,0,0,36262.8121539562,0,0,1633.46467307044,0,0,0,0,0,98747.5329665764,0,0,0,0,0,70013.6243044027,0,0,0,0,0,0,0,0,0,0,0,0,57644662.253182,0,0,0,0
59230,0,1774.95488322122,0,0,0,0,0,0,114585.455054074,0,0,0,0,35856.2055952171,0,0,1614.53822597923,0,0,0,0,0,97634.3470526739,0,0,0,0,0,70373.1547683255,0,0,0,0,0,0,0,0,0,0,0,0,57122859.7251029,0,0,0,0
59261,0,1754.56894481703,0,0,0,0,0,0,113302.299728134,0,0,0,0,35454.7125964498,0,0,1595.88401863766,0,0,0,0,0,96535.4575629015,0,0,0,0,0,70729.7499696486,0,0,0,0,0,0,0,0,0,0,0,0,56606165.8462695,0,0,0,0
59291,0,1734.46702284796,0,0,0,0,0,0,112035.219135463,0,0,0,0,35058.2540848573,0,0,1577.49564896995,0,0,0,0,0,95450.6526322956,0,0,0,0,0,71080.0655637837,0,0,0,0,0,0,0,0,0,0,0,0,56094524.8039774,0,0,0,0
59322,0,1714.64295121938,0,0,0,0,0,0,110783.980161762,0,0,0,0,34666.7547634024,0,0,1559.36699585143,0,0,0,0,0,94379.7242319872,0,0,0,0,0,71424.291438238,0,0,0,0,0,0,0,0,0,0,0,0,55587881.4985466,0,0,0,0
59352,0,1695.0908109026,0,0,0,0,0,0,109548.354120605,0,0,0,0,34280.1410080377,0,0,1541.49220106289,0,0,0,0,0,93322.4680719,0,0,0,0,0,71762.5678012598,0,0,0,0,0,0,0,0,0,0,0,0,55086181.5319316,0,0,0,0
59383,0,1943.61841728428,0,0,0,0,0,0,121102.999306672,0,0,0,0,37472.5961017246,0,0,1769.48786211357,0,0,0,0,0,104464.133690618,0,0,0,0,0,68641.23210892,0,0,0,0,0,0,0,0,0,0,0,0,55743385.9141283,0,0,0,0
59414,0,1920.41736847061,0,0,0,0,0,0,119713.444149247,0,0,0,0,37040.3346266578,0,0,1748.2333526448,0,0,0,0,0,103262.917890739,0,0,0,0,0,69159.7418477501,0,0,0,0,0,0,0,0,0,0,0,0,55229655.6697617,0,0,0,0
59444,0,1897.55188688521,0,0,0,0,0,0,118342.54345486,0,0,0,0,36614.1913447147,0,0,1727.29391169075,0,0,0,0,0,102077.468259772,0,0,0,0,0,69607.5934791269,0,0,0,0,0,0,0,0,0,0,0,0,54721071.3744981,0,0,0,0
59475,0,1875.01436078228,0,0,0,0,0,0,116990.154160804,0,0,0,0,36194.1639099954,0,0,1706.66188795159,0,0,0,0,0,100907.545947416,0,0,0,0,0,70029.5670308679,0,0,0,0,0,0,0,0,0,0,0,0,54217575.1240195,0,0,0,0
59505,0,1852.79750748938,0,0,0,0,0,0,115655.350897047,0,0,0,0,35779.7164768988,0,0,1686.32999005495,0,0,0,0,0,99752.9164406856,0,0,0,0,0,70436.3180760134,0,0,0,0,0,0,0,0,0,0,0,0,53719109.7814716,0,0,0,0
59536,0,1830.89435127978,0,0,0,0,0,0,114337.740568902,0,0,0,0,35370.6736395661,0,0,1666.29126089705,0,0,0,0,0,98613.3494631582,0,0,0,0,0,70833.533656079,0,0,0,0,0,0,0,0,0,0,0,0,53225618.9638127,0,0,0,0
59567,0,1809.29820307234,0,0,0,0,0,0,113036.994156678,0,0,0,0,34966.9020797385,0,0,1646.53905419411,0,0,0,0,0,97488.6188775029,0,0,0,0,0,71222.6124166747,0,0,0,0,0,0,0,0,0,0,0,0,52737046.6829512,0,0,0,0
59595,0,1788.00264178917,0,0,0,0,0,0,111752.803402842,0,0,0,0,34568.2812483181,0,0,1627.06701303091,0,0,0,0,0,96364.659380083,0,0,0,0,0,71602.4378441445,0,0,0,0,0,0,0,0,0,0,0,0,52253338.2344751,0,0,0,0
59626,0,1767.00149721879,0,0,0,0,0,0,110484.927848259,0,0,0,0,34174.7350415853,0,0,1607.86905021593,0,0,0,0,0,95255.6457756812,0,0,0,0,0,71979.9324065011,0,0,0,0,0,0,0,0,0,0,0,0,51774439.4289766,0,0,0,0
59656,0,1746.28883424764,0,0,0,0,0,0,109233.129985078,0,0,0,0,33786.1880644942,0,0,1588.9393302724,0,0,0,0,0,94161.3472150404,0,0,0,0,0,72351.5081223573,0,0,0,0,0,0,0,0,0,0,0,0,51300296.7823744,0,0,0,0
59687,0,1725.85893833672,0,0,0,0,0,0,107997.176855082,0,0,0,0,33402.5666282778,0,0,1570.2722529124,0,0,0,0,0,93081.5370778478,0,0,0,0,0,72717.3062220895,0,0,0,0,0,0,0,0,0,0,0,0,50830857.504881,0,0,0,0
59717,0,1705.70630213204,0,0,0,0,0,0,106776.839191542,0,0,0,0,33023.7981905516,0,0,1551.86243785648,0,0,0,0,0,92015.9928778959,0,0,0,0,0,73077.4069499816,0,0,0,0,0,0,0,0,0,0,0,0,50366069.4900342,0,0,0,0
59748,0,1985.30230221033,0,0,0,0,0,0,115606.752292843,0,0,0,0,35563.5272200184,0,0,1807.52790783726,0,0,0,0,0,100382.260482564,0,0,0,0,0,70996.1499736527,0,0,0,0,0,0,0,0,0,0,0,0,51458063.0689537,0,0,0,0
59779,0,1961.45441954445,0,0,0,0,0,0,114284.953317663,0,0,0,0,35153.1902743457,0,0,1785.71935219115,0,0,0,0,0,99236.3793503778,0,0,0,0,0,71528.5439347341,0,0,0,0,0,0,0,0,0,0,0,0,50980141.6828096,0,0,0,0
59809,0,1937.93854758368,0,0,0,0,0,0,112980.68715791,0,0,0,0,34748.5694850618,0,0,1764.21986688519,0,0,0,0,0,98105.3865324822,0,0,0,0,0,72000.4304079249,0,0,0,0,0,0,0,0,0,0,0,0,50507036.4050898,0,0,0,0
59840,0,1914.74802374004,0,0,0,0,0,0,111693.795343333,0,0,0,0,34349.6464936898,0,0,1743.02285494763,0,0,0,0,0,96989.0584408665,0,0,0,0,0,72449.4081637456,0,0,0,0,0,0,0,0,0,0,0,0,50038692.821257,0,0,0,0
59870,0,1891.87644277686,0,0,0,0,0,0,110423.495440509,0,0,0,0,33955.9771830407,0,0,1722.12200137563,0,0,0,0,0,95887.1755317968,0,0,0,0,0,72884.7579992169,0,0,0,0,0,0,0,0,0,0,0,0,49575057.2400278,0,0,0,0
59901,0,1869.31763953185,0,0,0,0,0,0,109169.43270139,0,0,0,0,33567.4068226361,0,0,1701.51125266266,0,0,0,0,0,94799.5222127059,0,0,0,0,0,73311.3024448897,0,0,0,0,0,0,0,0,0,0,0,0,49116076.6803105,0,0,0,0
59932,0,1847.06567315375,0,0,0,0,0,0,107931.305884485,0,0,0,0,33183.8156515268,0,0,1681.18479822067,0,0,0,0,0,93725.8867519291,0,0,0,0,0,73731.5344538266,0,0,0,0,0,0,0,0,0,0,0,0,48661698.345961,0,0,0,0
59961,0,1825.11481270045,0,0,0,0,0,0,106708.823470694,0,0,0,0,32805.0892057932,0,0,1661.13705349667,0,0,0,0,0,92666.0611911724,0,0,0,0,0,74142.4750322431,0,0,0,0,0,0,0,0,0,0,0,0,48211870.8481373,0,0,0,0
59992,0,1803.45952396286,0,0,0,0,0,0,105501.759784465,0,0,0,0,32431.1562780521,0,0,1641.36264460686,0,0,0,0,0,91619.8412606019,0,0,0,0,0,74551.3911281028,0,0,0,0,0,0,0,0,0,0,0,0,47766543.2774807,0,0,0,0
60022,0,1782.09445739454,0,0,0,0,0,0,104309.891557798,0,0,0,0,32061.9460315538,0,0,1621.85639433203,0,0,0,0,0,90587.0262964528,0,0,0,0,0,74954.3958211116,0,0,0,0,0,0,0,0,0,0,0,0,47325665.3892783,0,0,0,0
60053,0,1761.01443703957,0,0,0,0,0,0,103133.000283958,0,0,0,0,31697.3895490893,0,0,1602.61330933586,0,0,0,0,0,89567.4191610571,0,0,0,0,0,75351.6000026041,0,0,0,0,0,0,0,0,0,0,0,0,46889187.5930058,0,0,0,0
60083,0,1740.21445036307,0,0,0,0,0,0,101970.871150752,0,0,0,0,31337.4191313166,0,0,1583.6285684834,0,0,0,0,0,88560.8261651975,0,0,0,0,0,75743.0800477148,0,0,0,0,0,0,0,0,0,0,0,0,46457060.9419132,0,0,0,0
60114,0,2049.49534453707,0,0,0,0,0,0,110442.44734322,0,0,0,0,33953.6934971572,0,0,1866.99929452797,0,0,0,0,0,96273.7728349383,0,0,0,0,0,74611.1608201218,0,0,0,0,0,0,0,0,0,0,0,0,47533270.8959015,0,0,0,0
60145,0,2024.28365659916,0,0,0,0,0,0,109170.291337773,0,0,0,0,33558.135432487,0,0,1843.95416617499,0,0,0,0,0,95161.195425208,0,0,0,0,0,75016.384024471,0,0,0,0,0,0,0,0,0,0,0,0,47088129.220383,0,0,0,0
60175,0,1999.42235350195,0,0,0,0,0,0,107915.343015756,0,0,0,0,33168.2438598089,0,0,1821.23319937399,0,0,0,0,0,94063.2528772024,0,0,0,0,0,75367.7054853062,0,0,0,0,0,0,0,0,0,0,0,0,46647516.3084658,0,0,0,0
60206,0,1974.90498875477,0,0,0,0,0,0,106677.213889443,0,0,0,0,32783.8433530225,0,0,1798.83014395101,0,0,0,0,0,92979.7219863333,0,0,0,0,0,75699.5863276161,0,0,0,0,0,0,0,0,0,0,0,0,46211380.3324328,0,0,0,0
60236,0,1950.72532806698,0,0,0,0,0,0,105455.201052282,0,0,0,0,32404.5431686899,0,0,1776.7389783313,0,0,0,0,0,91910.383659878,0,0,0,0,0,76020.2997144713,0,0,0,0,0,0,0,0,0,0,0,0,45779670.1652129,0,0,0,0
60267,0,1926.87733611718,0,0,0,0,0,0,104248.971551512,0,0,0,0,32030.2026488872,0,0,1754.95389368331,0,0,0,0,0,90855.0228198907,0,0,0,0,0,76332.4183410688,0,0,0,0,0,0,0,0,0,0,0,0,45352335.3676331,0,0,0,0
60298,0,1903.35516451086,0,0,0,0,0,0,103058.240923985,0,0,0,0,31660.712653528,0,0,1733.46927960624,0,0,0,0,0,89813.4283092482,0,0,0,0,0,76640.1766828443,0,0,0,0,0,0,0,0,0,0,0,0,44929325.5942502,0,0,0,0
60326,0,1880.15314079746,0,0,0,0,0,0,101882.711843443,0,0,0,0,31295.953911419,0,0,1712.27971118066,0,0,0,0,0,88785.3928006847,0,0,0,0,0,76942.3092019377,0,0,0,0,0,0,0,0,0,0,0,0,44510591.9361369,0,0,0,0
60357,0,1857.26575843388,0,0,0,0,0,0,100722.167839023,0,0,0,0,30935.8606491315,0,0,1691.37993722595,0,0,0,0,0,87770.7127086852,0,0,0,0,0,77242.5649762243,0,0,0,0,0,0,0,0,0,0,0,0,44096085.9633865,0,0,0,0
60387,0,1834.68766759542,0,0,0,0,0,0,99576.3956756426,0,0,0,0,30580.3679621113,0,0,1670.76486962918,0,0,0,0,0,86769.1881041077,0,0,0,0,0,77538.6230666687,0,0,0,0,0,0,0,0,0,0,0,0,43685759.8900073,0,0,0,0
60418,0,1812.41366674705,0,0,0,0,0,0,98445.1821368813,0,0,0,0,30229.4096122009,0,0,1650.42957362754,0,0,0,0,0,85780.6226314201,0,0,0,0,0,77830.6353817695,0,0,0,0,0,0,0,0,0,0,0,0,43279566.5626055,0,0,0,0
60448,0,1790.43869489793,0,0,0,0,0,0,97328.316629604,0,0,0,0,29882.9198247302,0,0,1630.36925894132,0,0,0,0,0,84804.8234284379,0,0,0,0,0,78118.8619118471,0,0,0,0,0,0,0,0,0,0,0,0,42877459.4495082,0,0,0,0
60479,0,1519.50541749221,0,0,0,0,0,0,107063.234217815,0,0,0,0,32331.0003580231,0,0,1386.58048014507,0,0,0,0,0,94233.6277393012,0,0,0,0,0,61402.8270267561,0,0,0,0,0,0,0,0,0,0,0,0,43392938.2070414,0,0,0,0
60510,0,1499.33311693321,0,0,0,0,0,0,105814.332418743,0,0,0,0,31948.9234052726,0,0,1368.10762511294,0,0,0,0,0,93131.8706682113,0,0,0,0,0,61856.7907746774,0,0,0,0,0,0,0,0,0,0,0,0,42982558.3251902,0,0,0,0
60540,0,1479.46393883749,0,0,0,0,0,0,104582.497261743,0,0,0,0,31572.373778667,0,0,1349.9150579742,0,0,0,0,0,92044.7994013261,0,0,0,0,0,62266.6479970274,0,0,0,0,0,0,0,0,0,0,0,0,42576410.568148,0,0,0,0
60571,0,1459.89213358767,0,0,0,0,0,0,103367.257287199,0,0,0,0,31201.12165288,0,0,1331.99727586615,0,0,0,0,0,90972.1867004505,0,0,0,0,0,62660.1657875709,0,0,0,0,0,0,0,0,0,0,0,0,42174445.6584017,0,0,0,0
60601,0,1440.61212649217,0,0,0,0,0,0,102168.00655121,0,0,0,0,30834.8441674353,0,0,1314.34895874563,0,0,0,0,0,89913.8095700833,0,0,0,0,0,63043.5898405883,0,0,0,0,0,0,0,0,0,0,0,0,41776614.9966706,0,0,0,0
60632,0,1421.61850801117,0,0,0,0,0,0,100984.438735277,0,0,0,0,30473.4206532463,0,0,1296.96495800811,0,0,0,0,0,88869.4491562735,0,0,0,0,0,63420.1648126057,0,0,0,0,0,0,0,0,0,0,0,0,41382870.6502019,0,0,0,0
60663,0,1402.90602480916,0,0,0,0,0,0,99816.2859768541,0,0,0,0,30116.7550689978,0,0,1279.84028614473,0,0,0,0,0,87838.8906487438,0,0,0,0,0,63791.7867154826,0,0,0,0,0,0,0,0,0,0,0,0,40993165.0961889,0,0,0,0
60691,0,1384.46957154841,0,0,0,0,0,0,98663.2932462363,0,0,0,0,29764.7585967317,0,0,1262.97010732514,0,0,0,0,0,86821.9231861344,0,0,0,0,0,64156.1463829195,0,0,0,0,0,0,0,0,0,0,0,0,40607451.707245,0,0,0,0
60722,0,1366.30418334787,0,0,0,0,0,0,97525.2348703427,0,0,0,0,29417.3609317248,0,0,1246.34972880718,0,0,0,0,0,85818.3397642306,0,0,0,0,0,64518.7559885324,0,0,0,0,0,0,0,0,0,0,0,0,40225684.4890094,0,0,0,0
60752,0,1348.40502884007,0,0,0,0,0,0,96401.8897060824,0,0,0,0,29074.493418256,0,0,1229.97459308587,0,0,0,0,0,84827.9371470448,0,0,0,0,0,64876.5510411135,0,0,0,0,0,0,0,0,0,0,0,0,39847818.0694948,0,0,0,0
60783,0,1330.7674037666,0,0,0,0,0,0,95293.0395982924,0,0,0,0,28736.0880300139,0,0,1213.84027070436,0,0,0,0,0,83850.5157806308,0,0,0,0,0,65229.5908926465,0,0,0,0,0,0,0,0,0,0,0,0,39473807.6885649,0,0,0,0
60813,0,1313.38672505906,0,0,0,0,0,0,94198.470006507,0,0,0,0,28402.0778246332,0,0,1197.94245365811,0,0,0,0,0,82885.8797095164,0,0,0,0,0,65577.9268505485,0,0,0,0,0,0,0,0,0,0,0,0,39103609.1877847,0,0,0,0
60844,0,1297.79567073316,0,0,0,0,0,0,103025.177666319,0,0,0,0,30912.8110260671,0,0,1185.52906368671,0,0,0,0,0,90993.9055786288,0,0,0,0,0,64140.8244807472,0,0,0,0,0,0,0,0,0,0,0,0,39961522.1633327,0,0,0,0
60875,0,1280.09688561858,0,0,0,0,0,0,101816.531151895,0,0,0,0,30544.726248553,0,0,1169.3041472305,0,0,0,0,0,89923.7768379012,0,0,0,0,0,64616.3440636832,0,0,0,0,0,0,0,0,0,0,0,0,39580235.248031,0,0,0,0
60905,0,1262.66906220314,0,0,0,0,0,0,100624.567731045,0,0,0,0,30182.0444600079,0,0,1153.32967252614,0,0,0,0,0,88867.9920245102,0,0,0,0,0,65049.302213225,0,0,0,0,0,0,0,0,0,0,0,0,39202906.8805849,0,0,0,0
60936,0,1245.50710326975,0,0,0,0,0,0,99448.8270351381,0,0,0,0,29824.54234422,0,0,1137.60080093437,0,0,0,0,0,87826.32688635,0,0,0,0,0,65466.9377153836,0,0,0,0,0,0,0,0,0,0,0,0,38829490.5834557,0,0,0,0
60966,0,1228.6060571734,0,0,0,0,0,0,98288.6856332691,0,0,0,0,29471.8840944124,0,0,1122.11284257334,0,0,0,0,0,86798.5614394333,0,0,0,0,0,65875.5848171445,0,0,0,0,0,0,0,0,0,0,0,0,38459940.5273483,0,0,0,0
60997,0,1211.9611103753,0,0,0,0,0,0,97143.8290821785,0,0,0,0,29123.9424426348,0,0,1106.86124777113,0,0,0,0,0,85784.4798619637,0,0,0,0,0,66278.6686408301,0,0,0,0,0,0,0,0,0,0,0,0,38094211.5197926,0,0,0,0
61028,0,1195.56758058457,0,0,0,0,0,0,96013.9840586775,0,0,0,0,28780.6165438814,0,0,1091.84159929064,0,0,0,0,0,84783.8703921582,0,0,0,0,0,66680.3232245703,0,0,0,0,0,0,0,0,0,0,0,0,37732258.1853436,0,0,0,0
61056,0,1179.42091044302,0,0,0,0,0,0,94898.8288773752,0,0,0,0,28441.7711897318,0,0,1077.04960523844,0,0,0,0,0,83796.5252296206,0,0,0,0,0,67078.085899356,0,0,0,0,0,0,0,0,0,0,0,0,37374036.5904638,0,0,0,0
61087,0,1163.5166616961,0,0,0,0,0,0,93798.1572927641,0,0,0,0,28107.3481694031,0,0,1062.48109258043,0,0,0,0,0,82822.2404400842,0,0,0,0,0,67477.0359319007,0,0,0,0,0,0,0,0,0,0,0,0,37019503.4056604,0,0,0,0
61117,0,1147.85050980049,0,0,0,0,0,0,92711.7668844516,0,0,0,0,27777.2904316822,0,0,1048.1320011971,0,0,0,0,0,81860.8158633492,0,0,0,0,0,67873.6788177741,0,0,0,0,0,0,0,0,0,0,0,0,36668615.8950376,0,0,0,0
61148,0,1132.41823892444,0,0,0,0,0,0,91639.4498293196,0,0,0,0,27451.5358407556,0,0,1033.99837841985,0,0,0,0,0,80912.05502426,0,0,0,0,0,68267.8668975313,0,0,0,0,0,0,0,0,0,0,0,0,36321331.9062623,0,0,0,0
61178,0,1117.21573730249,0,0,0,0,0,0,90580.9999160419,0,0,0,0,27130.0219760332,0,0,1020.07637399682,0,0,0,0,0,79975.7650465735,0,0,0,0,0,68659.4995071096,0,0,0,0,0,0,0,0,0,0,0,0,35977609.8606607,0,0,0,0
61209,0,792.235006728982,0,0,0,0,0,0,96650.1604207481,0,0,0,0,28593.1480873741,0,0,727.861019175126,0,0,0,0,0,85596.5151278279,0,0,0,0,0,64781.2198328235,0,0,0,0,0,0,0,0,0,0,0,0,35975242.9570073,0,0,0,0
61240,0,779.28381557668,0,0,0,0,0,0,95529.0405942301,0,0,0,0,28254.2889195029,0,0,715.92203921202,0,0,0,0,0,84603.5155494598,0,0,0,0,0,65268.5475088119,0,0,0,0,0,0,0,0,0,0,0,0,35630430.2153252,0,0,0,0
61270,0,766.564458506476,0,0,0,0,0,0,94422.8490297194,0,0,0,0,27920.1452364098,0,0,704.198066325993,0,0,0,0,0,83623.6153791779,0,0,0,0,0,65725.2802523627,0,0,0,0,0,0,0,0,0,0,0,0,35289211.0481258,0,0,0,0
61301,0,754.072153507313,0,0,0,0,0,0,93331.2909843603,0,0,0,0,27590.5975388876,0,0,692.684599905156,0,0,0,0,0,82656.6114773539,0,0,0,0,0,66169.1550978703,0,0,0,0,0,0,0,0,0,0,0,0,34951543.0998012,0,0,0,0
61331,0,741.802249128539,0,0,0,0,0,0,92253.9433982476,0,0,0,0,27265.4376103332,0,0,681.377265933475,0,0,0,0,0,81702.3046099327,0,0,0,0,0,66604.5127845755,0,0,0,0,0,0,0,0,0,0,0,0,34617384.6098342,0,0,0,0
61362,0,729.7502191073,0,0,0,0,0,0,91190.5515945186,0,0,0,0,26944.57030668,0,0,670.271811607557,0,0,0,0,0,80760.4993476865,0,0,0,0,0,67033.7532613558,0,0,0,0,0,0,0,0,0,0,0,0,34286694.4023526,0,0,0,0
61393,0,717.91165730159,0,0,0,0,0,0,90140.8834082525,0,0,0,0,26627.9143967835,0,0,659.36410026532,0,0,0,0,0,79831.0039695049,0,0,0,0,0,67457.0815072163,0,0,0,0,0,0,0,0,0,0,0,0,33959431.7932902,0,0,0,0
61422,0,706.282272908858,0,0,0,0,0,0,89104.7272354972,0,0,0,0,26315.4013391872,0,0,648.650106605859,0,0,0,0,0,78913.6303694208,0,0,0,0,0,67872.6423757196,0,0,0,0,0,0,0,0,0,0,0,0,33635556.7472331,0,0,0,0
61453,0,694.857885951429,0,0,0,0,0,0,88081.8790510076,0,0,0,0,26006.9663403917,0,0,638.125912181304,0,0,0,0,0,78008.1939671146,0,0,0,0,0,68286.7003995676,0,0,0,0,0,0,0,0,0,0,0,0,33315029.7830564,0,0,0,0
61483,0,683.63442301131,0,0,0,0,0,0,87072.1382394342,0,0,0,0,25702.5456222689,0,0,627.787701142744,0,0,0,0,0,77114.5136216662,0,0,0,0,0,68695.8540938678,0,0,0,0,0,0,0,0,0,0,0,0,32997811.9640996,0,0,0,0
61514,0,672.607913198131,0,0,0,0,0,0,86075.3091584109,0,0,0,0,25402.0775136196,0,0,617.631756223559,0,0,0,0,0,76232.4115483527,0,0,0,0,0,69100.1816304858,0,0,0,0,0,0,0,0,0,0,0,0,32683864.8888004,0,0,0,0
61544,0,661.774484335121,0,0,0,0,0,0,85091.1999254482,0,0,0,0,25105.5016532474,0,0,607.654454944652,0,0,0,0,0,75361.7132383082,0,0,0,0,0,69499.7472006816,0,0,0,0,0,0,0,0,0,0,0,0,32373150.6815709,0,0,0,0
61575,0,765.000737713301,0,0,0,0,0,0,94032.4498542202,0,0,0,0,27604.8334071187,0,0,704.139141993071,0,0,0,0,0,83680.34054063,0,0,0,0,0,68523.2367371988,0,0,0,0,0,0,0,0,0,0,0,0,33218155.2517072,0,0,0,0
61606,0,751.915544911095,0,0,0,0,0,0,92930.9021014969,0,0,0,0,27273.3416837284,0,0,692.050798652086,0,0,0,0,0,82700.8944724193,0,0,0,0,0,69031.7685174315,0,0,0,0,0,0,0,0,0,0,0,0,32895725.429751,0,0,0,0
61636,0,739.075391920464,0,0,0,0,0,0,91844.2675146835,0,0,0,0,26946.6013903848,0,0,680.190073625065,0,0,0,0,0,81734.4884836936,0,0,0,0,0,69512.3807373425,0,0,0,0,0,0,0,0,0,0,0,0,32576708.8097999,0,0,0,0
61667,0,726.475111171247,0,0,0,0,0,0,90772.157647463,0,0,0,0,26624.4300593221,0,0,668.552104550547,0,0,0,0,0,80780.8932763573,0,0,0,0,0,69980.5681449856,0,0,0,0,0,0,0,0,0,0,0,0,32261064.4996298,0,0,0,0
61697,0,714.1096726241,0,0,0,0,0,0,89714.1517132039,0,0,0,0,26306.6208393131,0,0,657.132162447153,0,0,0,0,0,79839.9104512894,0,0,0,0,0,70439.7879609012,0,0,0,0,0,0,0,0,0,0,0,0,31948752.1901048,0,0,0,0
61728,0,701.974178284384,0,0,0,0,0,0,88669.9929240986,0,0,0,0,25993.0769953882,0,0,645.92564616501,0,0,0,0,0,78911.344345568,0,0,0,0,0,70892.2137855607,0,0,0,0,0,0,0,0,0,0,0,0,31639732.1457575,0,0,0,0
61759,0,690.063857039943,0,0,0,0,0,0,87639.448393315,0,0,0,0,25683.7166362517,0,0,634.928077173906,0,0,0,0,0,77995.0030856265,0,0,0,0,0,71338.4727711248,0,0,0,0,0,0,0,0,0,0,0,0,31333965.0811461,0,0,0,0
61787,0,678.374059799413,0,0,0,0,0,0,86622.2929892697,0,0,0,0,25378.4616794693,0,0,624.13509466367,0,0,0,0,0,77090.6984469923,0,0,0,0,0,71776.4102618087,0,0,0,0,0,0,0,0,0,0,0,0,31031412.3800057,0,0,0,0
61818,0,666.900254909514,0,0,0,0,0,0,85618.3250172121,0,0,0,0,25077.2487255227,0,0,613.542450934109,0,0,0,0,0,76198.2457661525,0,0,0,0,0,72212.6305471304,0,0,0,0,0,0,0,0,0,0,0,0,30732035.9693861,0,0,0,0
61848,0,655.638023831426,0,0,0,0,0,0,84627.3462912701,0,0,0,0,24780.0154470196,0,0,603.146007053642,0,0,0,0,0,75317.4638533814,0,0,0,0,0,72643.4170669158,0,0,0,0,0,0,0,0,0,0,0,0,30435798.3100329,0,0,0,0
61879,0,644.583057057903,0,0,0,0,0,0,83649.1621162163,0,0,0,0,24486.7006056877,0,0,592.941728767339,0,0,0,0,0,74448.1749084895,0,0,0,0,0,73068.8156775989,0,0,0,0,0,0,0,0,0,0,0,0,30142662.3869518,0,0,0,0
61909,0,633.731150254161,0,0,0,0,0,0,82683.5812659097,0,0,0,0,24197.2440662507,0,0,582.925682636578,0,0,0,0,0,73590.2044392879,0,0,0,0,0,73488.8670657676,0,0,0,0,0,0,0,0,0,0,0,0,29852591.7002673,0,0,0,0
61940,0,740.791879946586,0,0,0,0,0,0,91773.6885081768,0,0,0,0,26804.5894807492,0,0,683.48472912011,0,0,0,0,0,81898.4018904814,0,0,0,0,0,73839.8535334887,0,0,0,0,0,0,0,0,0,0,0,0,30748501.974393,0,0,0,0
61971,0,727.456851925867,0,0,0,0,0,0,90686.9177069416,0,0,0,0,26478.4829463536,0,0,671.128851821034,0,0,0,0,0,80926.1684621154,0,0,0,0,0,74375.913692629,0,0,0,0,0,0,0,0,0,0,0,0,30446080.9673638,0,0,0,0
62001,0,714.385863683935,0,0,0,0,0,0,89614.9523295803,0,0,0,0,26157.078402928,0,0,659.018914523128,0,0,0,0,0,79966.9922512987,0,0,0,0,0,74886.9565811323,0,0,0,0,0,0,0,0,0,0,0,0,30146909.0671141,0,0,0,0
62032,0,701.573123323503,0,0,0,0,0,0,88557.4127566474,0,0,0,0,25840.1985818104,0,0,647.149463416812,0,0,0,0,0,79020.6675549585,0,0,0,0,0,75386.3485031545,0,0,0,0,0,0,0,0,0,0,0,0,29850946.7303074,0,0,0,0
62062,0,689.012991183089,0,0,0,0,0,0,87513.9011543351,0,0,0,0,25527.6523377959,0,0,635.515192168587,0,0,0,0,0,78086.992701744,0,0,0,0,0,75876.9147534245,0,0,0,0,0,0,0,0,0,0,0,0,29558154.9877125,0,0,0,0
62093,0,676.69997407271,0,0,0,0,0,0,86484.1682024884,0,0,0,0,25219.3480596036,0,0,624.110936045527,0,0,0,0,0,77165.7699460715,0,0,0,0,0,76360.3913579467,0,0,0,0,0,0,0,0,0,0,0,0,29268495.4337508,0,0,0,0
62124,0,664.628719852697,0,0,0,0,0,0,85467.9856697721,0,0,0,0,24915.2070554905,0,0,612.931666404746,0,0,0,0,0,76256.8053661949,0,0,0,0,0,76836.8526996101,0,0,0,0,0,0,0,0,0,0,0,0,28981930.1959651,0,0,0,0
62152,0,652.794012328657,0,0,0,0,0,0,84465.1378016155,0,0,0,0,24615.1577227128,0,0,601.972485518626,0,0,0,0,0,75359.9087660727,0,0,0,0,0,77304.0259690977,0,0,0,0,0,0,0,0,0,0,0,0,28698421.9656519,0,0,0,0
62183,0,641.190766437988,0,0,0,0,0,0,83475.4203987045,0,0,0,0,24319.134968713,0,0,591.228621709159,0,0,0,0,0,74474.8935808192,0,0,0,0,0,77769.0417549393,0,0,0,0,0,0,0,0,0,0,0,0,28417933.9675487,0,0,0,0
62213,0,629.814023705436,0,0,0,0,0,0,82498.6330062335,0,0,0,0,24027.0749233258,0,0,580.695424767088,0,0,0,0,0,73601.5767855492,0,0,0,0,0,78227.9298623941,0,0,0,0,0,0,0,0,0,0,0,0,28140429.9500866,0,0,0,0
62244,0,618.658947947171,0,0,0,0,0,0,81534.579617046,0,0,0,0,23738.9154472408,0,0,570.368361633615,0,0,0,0,0,72739.7788074347,0,0,0,0,0,78680.7534206131,0,0,0,0,0,0,0,0,0,0,0,0,27865874.1760714,0,0,0,0
62274,0,607.720821204596,0,0,0,0,0,0,80583.0679862996,0,0,0,0,23454.5956953816,0,0,560.243012324414,0,0,0,0,0,71889.3234408116,0,0,0,0,0,79127.5675629181,0,0,0,0,0,0,0,0,0,0,0,0,27594231.4135972,0,0,0,0
62305,0,664.188182085139,0,0,0,0,0,0,88502.9482066605,0,0,0,0,25720.5578320795,0,0,615.352297150095,0,0,0,0,0,79079.0026820432,0,0,0,0,0,79291.5599867512,0,0,0,0,0,0,0,0,0,0,0,0,28121242.8412092,0,0,0,0
62336,0,651.1707140198,0,0,0,0,0,0,87442.4961705737,0,0,0,0,25403.0658266301,0,0,603.235682287745,0,0,0,0,0,78129.0378139427,0,0,0,0,0,79856.7636283691,0,0,0,0,0,0,0,0,0,0,0,0,27841251.4455194,0,0,0,0
62366,0,638.432605885065,0,0,0,0,0,0,86396.7130998643,0,0,0,0,25090.251975043,0,0,591.380400497749,0,0,0,0,0,77191.9959677393,0,0,0,0,0,80399.5388901378,0,0,0,0,0,0,0,0,0,0,0,0,27564308.5136075,0,0,0,0
62397,0,625.967329341847,0,0,0,0,0,0,85365.1653623075,0,0,0,0,24781.9020386123,0,0,579.780290954959,0,0,0,0,0,76267.670551141,0,0,0,0,0,80931.678354757,0,0,0,0,0,0,0,0,0,0,0,0,27290376.3218343,0,0,0,0
62427,0,613.768529733446,0,0,0,0,0,0,84347.4635881632,0,0,0,0,24477.8303674636,0,0,568.429360708017,0,0,0,0,0,75355.8591018381,0,0,0,0,0,81455.665519426,0,0,0,0,0,0,0,0,0,0,0,0,27019417.7060545,0,0,0,0
62458,0,601.830019908615,0,0,0,0,0,0,83343.3601269268,0,0,0,0,24177.9462086128,0,0,557.321778369204,0,0,0,0,0,74456.3631748903,0,0,0,0,0,81973.029181834,0,0,0,0,0,0,0,0,0,0,0,0,26751396.0510144,0,0,0,0
62489,0,590.145774398169,0,0,0,0,0,0,82352.6280969589,0,0,0,0,23882.171495865,0,0,546.451868189159,0,0,0,0,0,73568.9882346659,0,0,0,0,0,82484.3088500643,0,0,0,0,0,0,0,0,0,0,0,0,26486274.949598,0,0,0,0
62517,0,578.709923915537,0,0,0,0,0,0,81375.0176593028,0,0,0,0,23590.4111535858,0,0,535.814104483179,0,0,0,0,0,72693.5435510633,0,0,0,0,0,82986.8245814647,0,0,0,0,0,0,0,0,0,0,0,0,26224018.8612076,0,0,0,0
62548,0,567.516750154543,0,0,0,0,0,0,80410.3344861655,0,0,0,0,23302.6064835505,0,0,525.403106379104,0,0,0,0,0,71829.8420997634,0,0,0,0,0,83487.9564259888,0,0,0,0,0,0,0,0,0,0,0,0,25964592.7638286,0,0,0,0
62578,0,556.560680860333,0,0,0,0,0,0,79458.3880997773,0,0,0,0,23018.7000706937,0,0,515.213632859756,0,0,0,0,0,70977.7004662853,0,0,0,0,0,83983.3588095096,0,0,0,0,0,0,0,0,0,0,0,0,25707962.1444733,0,0,0,0
62609,0,545.836285151675,0,0,0,0,0,0,78518.9867742092,0,0,0,0,22738.6323478429,0,0,505.24057807554,0,0,0,0,0,70136.9387536304,0,0,0,0,0,84473.0310267807,0,0,0,0,0,0,0,0,0,0,0,0,25454092.9898618,0,0,0,0
62639,0,535.338269074975,0,0,0,0,0,0,77591.9412817174,0,0,0,0,22462.3441737012,0,0,495.478966905206,0,0,0,0,0,69307.3804933184,0,0,0,0,0,84956.9827986668,0,0,0,0,0,0,0,0,0,0,0,0,25202951.7773311,0,0,0,0
62670,0,625.574790974398,0,0,0,0,0,0,86030.0527262899,0,0,0,0,24826.2175901959,0,0,581.573055379546,0,0,0,0,0,77116.1493173015,0,0,0,0,0,84017.963249176,0,0,0,0,0,0,0,0,0,0,0,0,25831555.546374,0,0,0,0
62701,0,612.573658543533,0,0,0,0,0,0,84985.0009949545,0,0,0,0,24514.9280769694,0,0,569.416941412295,0,0,0,0,0,76177.0701088656,0,0,0,0,0,84607.0416283433,0,0,0,0,0,0,0,0,0,0,0,0,25570569.9908874,0,0,0,0
62731,0,599.871285871326,0,0,0,0,0,0,83954.3283197358,0,0,0,0,24208.1224695915,0,0,557.541689697674,0,0,0,0,0,75250.9164546879,0,0,0,0,0,85179.6618251698,0,0,0,0,0,0,0,0,0,0,0,0,25312477.0652729,0,0,0,0
62762,0,587.460217371499,0,0,0,0,0,0,82937.7272668204,0,0,0,0,23905.672545809,0,0,545.940239222048,0,0,0,0,0,74337.4805271155,0,0,0,0,0,85742.3881336271,0,0,0,0,0,0,0,0,0,0,0,0,25057240.2885462,0,0,0,0
62792,0,575.333202366266,0,0,0,0,0,0,81934.9089128085,0,0,0,0,23607.4611778785,0,0,534.60572676153,0,0,0,0,0,73436.5585962052,0,0,0,0,0,86296.7058444289,0,0,0,0,0,0,0,0,0,0,0,0,24804823.7298535,0,0,0,0
62823,0,563.483188138601,0,0,0,0,0,0,80945.6446681472,0,0,0,0,23313.410807421,0,0,523.531479799448,0,0,0,0,0,72547.9509255048,0,0,0,0,0,86843.667234496,0,0,0,0,0,0,0,0,0,0,0,0,24555191.9980169,0,0,0,0
62854,0,551.903313353175,0,0,0,0,0,0,79969.7167250612,0,0,0,0,23023.4497839025,0,0,512.711009854682,0,0,0,0,0,71671.4616713632,0,0,0,0,0,87383.140076027,0,0,0,0,0,0,0,0,0,0,0,0,24308310.2251069,0,0,0,0
62883,0,540.586901813964,0,0,0,0,0,0,79006.918621021,0,0,0,0,22737.5127781689,0,0,502.138006183037,0,0,0,0,0,70806.8987856139,0,0,0,0,0,87912.0469105016,0,0,0,0,0,0,0,0,0,0,0,0,24064144.0691485,0,0,0,0
62914,0,529.527456530093,0,0,0,0,0,0,78057.0454722522,0,0,0,0,22455.5341782014,0,0,491.806329818087,0,0,0,0,0,69954.0739214831,0,0,0,0,0,88438.5175817142,0,0,0,0,0,0,0,0,0,0,0,0,23822659.6980091,0,0,0,0
62944,0,518.718654064598,0,0,0,0,0,0,77119.8962989894,0,0,0,0,22177.4496987533,0,0,481.710007921718,0,0,0,0,0,69112.8023425823,0,0,0,0,0,88957.9889930108,0,0,0,0,0,0,0,0,0,0,0,0,23583823.7799383,0,0,0,0
62975,0,508.154339143535,0,0,0,0,0,0,76195.2741557496,0,0,0,0,21903.1965000283,0,0,471.843228417896,0,0,0,0,0,68282.9028348535,0,0,0,0,0,89470.5272371265,0,0,0,0,0,0,0,0,0,0,0,0,23347603.4743359,0,0,0,0
63005,0,497.828519505313,0,0,0,0,0,0,75282.9858293925,0,0,0,0,21632.7130115823,0,0,462.200334886131,0,0,0,0,0,67464.1976213409,0,0,0,0,0,89976.1906185861,0,0,0,0,0,0,0,0,0,0,0,0,23113966.4227414,0,0,0,0
63036,0,582.998028889511,0,0,0,0,0,0,84219.8839961563,0,0,0,0,24109.6427277329,0,0,544.075377880622,0,0,0,0,0,75784.1938911686,0,0,0,0,0,89797.0042674112,0,0,0,0,0,0,0,0,0,0,0,0,23761097.9938465,0,0,0,0
63067,0,570.156187178094,0,0,0,0,0,0,83178.8557841637,0,0,0,0,23801.5070746966,0,0,532.001027142858,0,0,0,0,0,74845.3109940703,0,0,0,0,0,90423.922196518,0,0,0,0,0,0,0,0,0,0,0,0,23517038.7029032,0,0,0,0
63097,0,557.632203455968,0,0,0,0,0,0,82152.4047839284,0,0,0,0,23497.9092023476,0,0,520.227510754892,0,0,0,0,0,73919.5556109752,0,0,0,0,0,91036.9666984704,0,0,0,0,0,0,0,0,0,0,0,0,23275734.4345841,0,0,0,0
63128,0,545.417485441181,0,0,0,0,0,0,81140.2036519308,0,0,0,0,23198.7092239602,0,0,508.746641179238,0,0,0,0,0,73006.7139742906,0,0,0,0,0,91640.4862165792,0,0,0,0,0,0,0,0,0,0,0,0,23037149.7276075,0,0,0,0
63158,0,533.503691791505,0,0,0,0,0,0,80141.9583705219,0,0,0,0,22903.7883832925,0,0,497.550473254878,0,0,0,0,0,72106.5765807005,0,0,0,0,0,92235.599146283,0,0,0,0,0,0,0,0,0,0,0,0,22801249.6673582,0,0,0,0
63189,0,521.882723745612,0,0,0,0,0,0,79157.432982291,0,0,0,0,22613.0659104199,0,0,486.631295765076,0,0,0,0,0,71218.9380800258,0,0,0,0,0,92823.2046111246,0,0,0,0,0,0,0,0,0,0,0,0,22567999.8752519,0,0,0,0
63220,0,510.546717155239,0,0,0,0,0,0,78186.4028419499,0,0,0,0,22326.4672683131,0,0,475.981623443472,0,0,0,0,0,70343.5971680953,0,0,0,0,0,93403.789124281,0,0,0,0,0,0,0,0,0,0,0,0,22337366.3195598,0,0,0,0
63248,0,499.488034876244,0,0,0,0,0,0,77228.629329142,0,0,0,0,22043.9069917272,0,0,465.594189378393,0,0,0,0,0,69480.3564834277,0,0,0,0,0,93973.8600276725,0,0,0,0,0,0,0,0,0,0,0,0,22109315.6671575,0,0,0,0
63279,0,488.699259490404,0,0,0,0,0,0,76283.9081026292,0,0,0,0,21765.3215331509,0,0,455.461937780457,0,0,0,0,0,68629.0225075365,0,0,0,0,0,94541.9371263035,0,0,0,0,0,0,0,0,0,0,0,0,21883815.090584,0,0,0,0
63309,0,478.173186333138,0,0,0,0,0,0,75352.0387908678,0,0,0,0,21490.6486844672,0,0,445.578017082912,0,0,0,0,0,67789.4054686844,0,0,0,0,0,95103.0622322863,0,0,0,0,0,0,0,0,0,0,0,0,21660832.2584457,0,0,0,0
63340,0,467.902816805273,0,0,0,0,0,0,74432.8220134337,0,0,0,0,21219.8255826006,0,0,435.935773347961,0,0,0,0,0,66961.3192489208,0,0,0,0,0,95657.2525827208,0,0,0,0,0,0,0,0,0,0,0,0,21440335.3260586,0,0,0,0
63370,0,457.881351949451,0,0,0,0,0,0,73526.0615153019,0,0,0,0,20952.7901909537,0,0,426.528743955522,0,0,0,0,0,66144.581294249,0,0,0,0,0,96204.5322699509,0,0,0,0,0,0,0,0,0,0,0,0,21222292.9263193,0,0,0,0
63401,0,539.330530925849,0,0,0,0,0,0,82187.6601654824,0,0,0,0,23409.0725068566,0,0,505.420624184262,0,0,0,0,0,74064.6116912794,0,0,0,0,0,96074.9915689199,0,0,0,0,0,0,0,0,0,0,0,0,21888171.1000554,0,0,0,0
63432,0,526.768593172084,0,0,0,0,0,0,81154.6939326672,0,0,0,0,23104.497934694,0,0,493.534801245808,0,0,0,0,0,73131.5506801365,0,0,0,0,0,96738.7197079523,0,0,0,0,0,0,0,0,0,0,0,0,21659629.3917669,0,0,0,0
63462,0,514.541503405043,0,0,0,0,0,0,80136.2694826666,0,0,0,0,22804.3821179569,0,0,481.968416523329,0,0,0,0,0,72211.7601819109,0,0,0,0,0,97391.0414006674,0,0,0,0,0,0,0,0,0,0,0,0,21433716.6295592,0,0,0,0
63493,0,502.639416514726,0,0,0,0,0,0,79132.1387237921,0,0,0,0,22508.6407909858,0,0,470.712011827414,0,0,0,0,0,71305.0203624699,0,0,0,0,0,98034.1295522472,0,0,0,0,0,0,0,0,0,0,0,0,21210398.256537,0,0,0,0
63523,0,491.052798161084,0,0,0,0,0,0,78142.0623537659,0,0,0,0,22217.1940902531,0,0,459.756430498478,0,0,0,0,0,70411.115868935,0,0,0,0,0,98668.6596428081,0,0,0,0,0,0,0,0,0,0,0,0,20989640.2612939,0,0,0,0
63554,0,479.772414116228,0,0,0,0,0,0,77165.8116435991,0,0,0,0,21929.9678060842,0,0,449.09280674066,0,0,0,0,0,69529.8357069979,0,0,0,0,0,99295.3155213899,0,0,0,0,0,0,0,0,0,0,0,0,20771409.1669891,0,0,0,0
63585,0,468.789320060034,0,0,0,0,0,0,76203.1630801114,0,0,0,0,21646.8897768476,0,0,438.71255546002,0,0,0,0,0,68660.9731232517,0,0,0,0,0,99913.7344883857,0,0,0,0,0,0,0,0,0,0,0,0,20555671.8896611,0,0,0,0
63613,0,458.094851796252,0,0,0,0,0,0,75253.90060031,0,0,0,0,21367.8914442775,0,0,428.607362563414,0,0,0,0,0,67804.3254922231,0,0,0,0,0,100520.308974115,0,0,0,0,0,0,0,0,0,0,0,0,20342395.99299,0,0,0,0
63644,0,447.680615860549,0,0,0,0,0,0,74317.8096181261,0,0,0,0,21092.9038263378,0,0,418.769175680711,0,0,0,0,0,66959.6942078242,0,0,0,0,0,101124.322133261,0,0,0,0,0,0,0,0,0,0,0,0,20131549.5441218,0,0,0,0
63674,0,437.538480495432,0,0,0,0,0,0,73394.6796974102,0,0,0,0,20821.8593683479,0,0,409.190195278209,0,0,0,0,0,66126.8845789586,0,0,0,0,0,101720.530063421,0,0,0,0,0,0,0,0,0,0,0,0,19923101.1038543,0,0,0,0
63705,0,427.660566970005,0,0,0,0,0,0,72484.3044834468,0,0,0,0,20554.6919287663,0,0,399.862866135402,0,0,0,0,0,65305.7057290457,0,0,0,0,0,102308.99796957,0,0,0,0,0,0,0,0,0,0,0,0,19717019.7170749,0,0,0,0
63735,0,418.039241224984,0,0,0,0,0,0,71586.4815743466,0,0,0,0,20291.3367230149,0,0,390.779869160843,0,0,0,0,0,64495.9704992372,0,0,0,0,0,102889.785002728,0,0,0,0,0,0,0,0,0,0,0,0,19513274.903442,0,0,0,0
63766,0,494.538332715114,0,0,0,0,0,0,78830.0132891119,0,0,0,0,22242.5535446026,0,0,465.64823003678,0,0,0,0,0,71864.2744694776,0,0,0,0,0,103139.207721363,0,0,0,0,0,0,0,0,0,0,0,0,20142555.7756611,0,0,0,0
63797,0,482.368261606723,0,0,0,0,0,0,77829.9492411719,0,0,0,0,21950.597105062,0,0,454.039977370815,0,0,0,0,0,70954.4331072122,0,0,0,0,0,103843.572001608,0,0,0,0,0,0,0,0,0,0,0,0,19928908.1861441,0,0,0,0
63827,0,470.549750683281,0,0,0,0,0,0,76844.1131502567,0,0,0,0,21662.9735316948,0,0,442.770869961932,0,0,0,0,0,70057.5936195352,0,0,0,0,0,104535.998072351,0,0,0,0,0,0,0,0,0,0,0,0,19717762.3333704,0,0,0,0
63858,0,459.071389202797,0,0,0,0,0,0,75872.2503319646,0,0,0,0,21379.593021238,0,0,431.829798553479,0,0,0,0,0,69173.5385968671,0,0,0,0,0,105218.38915449,0,0,0,0,0,0,0,0,0,0,0,0,19509084.6856942,0,0,0,0
63888,0,447.922167040736,0,0,0,0,0,0,74914.1213113576,0,0,0,0,21100.3745580442,0,0,421.206048312443,0,0,0,0,0,68302.0551791913,0,0,0,0,0,105891.394638751,0,0,0,0,0,0,0,0,0,0,0,0,19302842.2530997,0,0,0,0
63919,0,437.091459566479,0,0,0,0,0,0,73969.4989698115,0,0,0,0,20825.2440133949,0,0,410.889283366829,0,0,0,0,0,67442.9349207739,0,0,0,0,0,106555.714574286,0,0,0,0,0,0,0,0,0,0,0,0,19099002.5759947,0,0,0,0
63950,0,426.569013203798,0,0,0,0,0,0,73038.1619885892,0,0,0,0,20554.1297248995,0,0,400.869532172425,0,0,0,0,0,66595.9736616438,0,0,0,0,0,107211.019244999,0,0,0,0,0,0,0,0,0,0,0,0,18897533.7143219,0,0,0,0
63978,0,416.34493161983,0,0,0,0,0,0,72119.8941001441,0,0,0,0,20286.9620235831,0,0,391.137173613401,0,0,0,0,0,65760.9714052713,0,0,0,0,0,107853.423407084,0,0,0,0,0,0,0,0,0,0,0,0,18698404.2369786,0,0,0,0
64009,0,406.409662496812,0,0,0,0,0,0,71214.4835322701,0,0,0,0,20023.6728906512,0,0,381.682923761643,0,0,0,0,0,64937.7322019481,0,0,0,0,0,108492.877962309,0,0,0,0,0,0,0,0,0,0,0,0,18501583.211527,0,0,0,0
64039,0,396.753984848278,0,0,0,0,0,0,70321.7226866614,0,0,0,0,19764.1957722955,0,0,372.497823234932,0,0,0,0,0,64126.0640374263,0,0,0,0,0,109123.766807593,0,0,0,0,0,0,0,0,0,0,0,0,18307040.1941876,0,0,0,0
64070,0,387.368996847047,0,0,0,0,0,0,69441.4080615642,0,0,0,0,19508.4655592147,0,0,363.573225105471,0,0,0,0,0,63325.7787264201,0,0,0,0,0,109746.161763197,0,0,0,0,0,0,0,0,0,0,0,0,18114745.2201,0,0,0,0
64100,0,378.246104136665,0,0,0,0,0,0,68573.3401164244,0,0,0,0,19256.418525508,0,0,354.90078331879,0,0,0,0,0,62536.6918106168,0,0,0,0,0,110360.127618189,0,0,0,0,0,0,0,0,0,0,0,0,17924668.7938441,0,0,0,0
64131,0,446.760006745022,0,0,0,0,0,0,64250.5406994904,0,0,0,0,18163.6571640741,0,0,422.424125417871,0,0,0,0,0,58379.0517869903,0,0,0,0,0,110808.812139694,0,0,0,0,0,0,0,0,0,0,0,0,16953927.9583643,0,0,0,0
64162,0,435.265598830476,0,0,0,0,0,0,63433.3651989116,0,0,0,0,17922.6622027158,0,0,411.373122687434,0,0,0,0,0,57638.6061048488,0,0,0,0,0,111386.46236208,0,0,0,0,0,0,0,0,0,0,0,0,16775432.1363367,0,0,0,0
64192,0,424.127742898409,0,0,0,0,0,0,62628.0299004622,0,0,0,0,17685.338451217,0,0,400.670190287192,0,0,0,0,0,56908.9477832295,0,0,0,0,0,111954.722028777,0,0,0,0,0,0,0,0,0,0,0,0,16599026.8288368,0,0,0,0
64223,0,413.333742697015,0,0,0,0,0,0,61834.3229151597,0,0,0,0,17451.6111919219,0,0,390.302692715732,0,0,0,0,0,56189.8907511348,0,0,0,0,0,112515.056655132,0,0,0,0,0,0,0,0,0,0,0,0,16424683.5622233,0,0,0,0
64253,0,402.871404484923,0,0,0,0,0,0,61052.0394508967,0,0,0,0,17221.4092721091,0,0,380.258598595665,0,0,0,0,0,55481.2528685518,0,0,0,0,0,113067.386127785,0,0,0,0,0,0,0,0,0,0,0,0,16252374.3394893,0,0,0,0
64284,0,392.729006840671,0,0,0,0,0,0,60280.9847824086,0,0,0,0,16994.6671447259,0,0,370.526346455204,0,0,0,0,0,54782.8558214756,0,0,0,0,0,113610.131000442,0,0,0,0,0,0,0,0,0,0,0,0,16082071.6300349,0,0,0,0
64315,0,382.895281325174,0,0,0,0,0,0,59520.9689430464,0,0,0,0,16771.3212854031,0,0,361.094825367427,0,0,0,0,0,54094.5250206732,0,0,0,0,0,114144.685947496,0,0,0,0,0,0,0,0,0,0,0,0,15913748.3247566,0,0,0,0
64344,0,373.35939396628,0,0,0,0,0,0,58771.8041565192,0,0,0,0,16551.308471904,0,0,351.953356416873,0,0,0,0,0,53416.0895039949,0,0,0,0,0,114669.27012063,0,0,0,0,0,0,0,0,0,0,0,0,15747377.7971712,0,0,0,0
64375,0,364.110927529453,0,0,0,0,0,0,58033.309382286,0,0,0,0,16334.5689001446,0,0,343.091674957136,0,0,0,0,0,52747.3818420522,0,0,0,0,0,115189.902013527,0,0,0,0,0,0,0,0,0,0,0,0,15582933.8581637,0,0,0,0
64405,0,355.139864540247,0,0,0,0,0,0,57305.3072489692,0,0,0,0,16121.0441233886,0,0,334.499913624725,0,0,0,0,0,52088.2380470966,0,0,0,0,0,115702.80124917,0,0,0,0,0,0,0,0,0,0,0,0,15420390.7468328,0,0,0,0
64436,0,346.436571025757,0,0,0,0,0,0,56587.6236904706,0,0,0,0,15910.6768286319,0,0,326.168586076065,0,0,0,0,0,51438.497484945,0,0,0,0,0,116208.1427925,0,0,0,0,0,0,0,0,0,0,0,0,15259723.1215827,0,0,0,0
64466,0,337.991780943708,0,0,0,0,0,0,55880.088068286,0,0,0,0,15703.4109429783,0,0,318.088571415953,0,0,0,0,0,50798.0027898095,0,0,0,0,0,116706.261452114,0,0,0,0,0,0,0,0,0,0,0,0,15100906.0514527,0,0,0,0
64497,0,402.191699464486,0,0,0,0,0,0,61743.4094774386,0,0,0,0,17389.8834114827,0,0,382.079367732929,0,0,0,0,0,56198.6159622786,0,0,0,0,0,90638.6393029036,0,0,0,0,0,0,0,0,0,0,0,0,15527446.8375289,0,0,0,0
64528,0,391.393595305571,0,0,0,0,0,0,60949.6988874553,0,0,0,0,17156.6743244554,0,0,371.59597148088,0,0,0,0,0,55473.44403493,0,0,0,0,0,91204.285364349,0,0,0,0,0,0,0,0,0,0,0,0,15361813.4435163,0,0,0,0
64558,0,380.956271060887,0,0,0,0,0,0,60167.6103716645,0,0,0,0,16927.060488386,0,0,361.470001850632,0,0,0,0,0,54759.0128028852,0,0,0,0,0,91762.4127966576,0,0,0,0,0,0,0,0,0,0,0,0,15198147.2978818,0,0,0,0
64589,0,370.865539052891,0,0,0,0,0,0,59396.940619858,0,0,0,0,16700.9720371589,0,0,351.687191334222,0,0,0,0,0,54055.1339673672,0,0,0,0,0,92313.7942697211,0,0,0,0,0,0,0,0,0,0,0,0,15036421.1748856,0,0,0,0
64619,0,361.107828384432,0,0,0,0,0,0,58637.4911919985,0,0,0,0,16478.3411980216,0,0,342.23389908821,0,0,0,0,0,53361.6232741507,0,0,0,0,0,92858.2753985747,0,0,0,0,0,0,0,0,0,0,0,0,14876608.314572,0,0,0,0
64650,0,351.670156481179,0,0,0,0,0,0,57889.0692431397,0,0,0,0,16259.1028082727,0,0,333.097081804151,0,0,0,0,0,52678.3004041792,0,0,0,0,0,93395.9215235656,0,0,0,0,0,0,0,0,0,0,0,0,14718682.412436,0,0,0,0
64681,0,342.540101998414,0,0,0,0,0,0,57151.4861452653,0,0,0,0,16043.1934013332,0,0,324.264265983847,0,0,0,0,0,52004.9888680484,0,0,0,0,0,93927.0445431489,0,0,0,0,0,0,0,0,0,0,0,0,14562617.6093879,0,0,0,0
64709,0,333.705779024941,0,0,0,0,0,0,56424.5573251512,0,0,0,0,15830.55111921,0,0,315.723521549788,0,0,0,0,0,51341.5159041675,0,0,0,0,0,94448.7099614725,0,0,0,0,0,0,0,0,0,0,0,0,14408388.4820068,0,0,0,0
64740,0,325.155812520209,0,0,0,0,0,0,55708.1020777832,0,0,0,0,15621.1156078526,0,0,307.46343672469,0,0,0,0,0,50687.7123804163,0,0,0,0,0,94967.5142162405,0,0,0,0,0,0,0,0,0,0,0,0,14255970.0330703,0,0,0,0
64770,0,316.879314924004,0,0,0,0,0,0,55001.9434188178,0,0,0,0,15414.8279385896,0,0,299.473094117409,0,0,0,0,0,50043.4126991345,0,0,0,0,0,95479.8601512327,0,0,0,0,0,0,0,0,0,0,0,0,14105337.6823524,0,0,0,0
64801,0,308.865863881104,0,0,0,0,0,0,54305.9079993323,0,0,0,0,15211.6305714683,0,0,291.74204795565,0,0,0,0,0,49408.4547052893,0,0,0,0,0,95985.7221333645,0,0,0,0,0,0,0,0,0,0,0,0,13956467.2576785,0,0,0,0
64831,0,301.105481026176,0,0,0,0,0,0,53619.8260064571,0,0,0,0,15011.4673085528,0,0,284.260302408934,0,0,0,0,0,48782.6795976759,0,0,0,0,0,96484.8890055284,0,0,0,0,0,0,0,0,0,0,0,0,13809334.98623,0,0,0,0
64862,0,355.341379756033,0,0,0,0,0,0,59877.2407618973,0,0,0,0,16803.3578976017,0,0,338.536499191984,0,0,0,0,0,54516.7405192089,0,0,0,0,0,91854.0190319243,0,0,0,0,0,0,0,0,0,0,0,0,14291663.8373885,0,0,0,0
64893,0,345.573172593742,0,0,0,0,0,0,59095.7134272208,0,0,0,0,16574.7095889292,0,0,328.974943068743,0,0,0,0,0,53794.3680608038,0,0,0,0,0,92414.1293789099,0,0,0,0,0,0,0,0,0,0,0,0,14136757.767474,0,0,0,0
64923,0,336.150114174045,0,0,0,0,0,0,58325.8074553544,0,0,0,0,16349.6385898313,0,0,319.760624559305,0,0,0,0,0,53082.9827401906,0,0,0,0,0,92966.1709805671,0,0,0,0,0,0,0,0,0,0,0,0,13983723.0955946,0,0,0,0
64954,0,327.057345024079,0,0,0,0,0,0,57567.31638143,0,0,0,0,16128.0738250388,0,0,310.878280737709,0,0,0,0,0,52382.3874421853,0,0,0,0,0,93510.8341401595,0,0,0,0,0,0,0,0,0,0,0,0,13832533.4530379,0,0,0,0
64984,0,318.28072836882,0,0,0,0,0,0,56820.0387721118,0,0,0,0,15909.9464313133,0,0,302.313401497295,0,0,0,0,0,51692.3893661297,0,0,0,0,0,94048.2187734462,0,0,0,0,0,0,0,0,0,0,0,0,13683162.9320298,0,0,0,0
65015,0,309.806812421753,0,0,0,0,0,0,56083.7789776179,0,0,0,0,15695.1902893673,0,0,294.052189879528,0,0,0,0,0,51012.7999067014,0,0,0,0,0,94578.4781081346,0,0,0,0,0,0,0,0,0,0,0,0,13535586.0751566,0,0,0,0
65046,0,301.62279473137,0,0,0,0,0,0,55358.3456991482,0,0,0,0,15483.7410700221,0,0,286.081524582126,0,0,0,0,0,50343.4345390921,0,0,0,0,0,95101.9363548038,0,0,0,0,0,0,0,0,0,0,0,0,13389777.8579366,0,0,0,0
65074,0,293.716488467863,0,0,0,0,0,0,54643.5511129707,0,0,0,0,15275.5356586587,0,0,278.388924523145,0,0,0,0,0,49684.112708326,0,0,0,0,0,95616.1146523948,0,0,0,0,0,0,0,0,0,0,0,0,13245713.6934418,0,0,0,0
65105,0,286.076290541034,0,0,0,0,0,0,53939.2122650556,0,0,0,0,15070.5131234012,0,0,270.962515344817,0,0,0,0,0,49034.6577225045,0,0,0,0,0,96127.0371488646,0,0,0,0,0,0,0,0,0,0,0,0,13103369.4152557,0,0,0,0
65135,0,278.691151446743,0,0,0,0,0,0,53245.1500301862,0,0,0,0,14868.6140269091,0,0,263.790997747657,0,0,0,0,0,48394.8966497821,0,0,0,0,0,96631.2045512007,0,0,0,0,0,0,0,0,0,0,0,0,12962721.2681148,0,0,0,0
65166,0,271.550546745091,0,0,0,0,0,0,52561.1889238503,0,0,0,0,14669.780317817,0,0,256.863617551704,0,0,0,0,0,47764.6602188944,0,0,0,0,0,97128.710499953,0,0,0,0,0,0,0,0,0,0,0,0,12823745.8988261,0,0,0,0
65196,0,264.64445007912,0,0,0,0,0,0,51887.157074954,0,0,0,0,14473.9553312928,0,0,250.170137387698,0,0,0,0,0,47143.7827230665,0,0,0,0,0,97619.7144104032,0,0,0,0,0,0,0,0,0,0,0,0,12686420.3474499,0,0,0,0
65227,0,301.573095722828,0,0,0,0,0,0,57879.7206603308,0,0,0,0,16182.0007858768,0,0,287.987647819431,0,0,0,0,0,52770.4082051677,0,0,0,0,0,85194.444659368,0,0,0,0,0,0,0,0,0,0,0,0,13110181.8021395,0,0,0,0
65258,0,293.09972712905,0,0,0,0,0,0,57111.8799472155,0,0,0,0,15958.9678448069,0,0,279.639870092454,0,0,0,0,0,52061.2903787613,0,0,0,0,0,85770.9629401995,0,0,0,0,0,0,0,0,0,0,0,0,12965689.1825459,0,0,0,0
65288,0,284.938601759611,0,0,0,0,0,0,56355.6446588231,0,0,0,0,15739.4678663522,0,0,271.610613776966,0,0,0,0,0,51363.187559489,0,0,0,0,0,86340.1725391299,0,0,0,0,0,0,0,0,0,0,0,0,12822973.6677535,0,0,0,0
65319,0,277.07523335975,0,0,0,0,0,0,55610.8077978787,0,0,0,0,15523.4311952771,0,0,263.884686570118,0,0,0,0,0,50675.8959966051,0,0,0,0,0,86902.2058750709,0,0,0,0,0,0,0,0,0,0,0,0,12682009.7671706,0,0,0,0
65349,0,269.495913547941,0,0,0,0,0,0,54877.1668961332,0,0,0,0,15310.7900184361,0,0,256.447727299764,0,0,0,0,0,49999.2165845965,0,0,0,0,0,87457.2495122094,0,0,0,0,0,0,0,0,0,0,0,0,12542772.443583,0,0,0,0
65380,0,262.187666436716,0,0,0,0,0,0,54154.5238870853,0,0,0,0,15101.4782972717,0,0,249.28615681829,0,0,0,0,0,49332.9547232299,0,0,0,0,0,88005.6137633573,0,0,0,0,0,0,0,0,0,0,0,0,12405237.1024917,0,0,0,0
65411,0,255.138206035705,0,0,0,0,0,0,53442.6849840791,0,0,0,0,14895.4317037635,0,0,242.38713193588,0,0,0,0,0,48676.9201871255,0,0,0,0,0,88547.0894062408,0,0,0,0,0,0,0,0,0,0,0,0,12269379.5817945,0,0,0,0
65439,0,248.335896260381,0,0,0,0,0,0,52741.4605630373,0,0,0,0,14692.5875594729,0,0,235.738502198902,0,0,0,0,0,48030.9270005633,0,0,0,0,0,89078.8889776313,0,0,0,0,0,0,0,0,0,0,0,0,12135176.1417952,0,0,0,0
65470,0,241.769713381508,0,0,0,0,0,0,52050.6650495659,0,0,0,0,14492.8847774945,0,0,229.328769331841,0,0,0,0,0,47394.7933173031,0,0,0,0,0,89607.9622802152,0,0,0,0,0,0,0,0,0,0,0,0,12002603.4555283,0,0,0,0
65500,0,235.429210761009,0,0,0,0,0,0,51370.1168101747,0,0,0,0,14296.2638071335,0,0,223.147049173097,0,0,0,0,0,46768.3413050846,0,0,0,0,0,90130.3710261922,0,0,0,0,0,0,0,0,0,0,0,0,11871638.5993833,0,0,0,0
65531,0,229.304485730024,0,0,0,0,0,0,50699.638047385,0,0,0,0,14102.6665811461,0,0,217.183035946062,0,0,0,0,0,46151.3970345147,0,0,0,0,0,90646.1592820779,0,0,0,0,0,0,0,0,0,0,0,0,11742259.0440183,0,0,0,0
65561,0,223.386148474231,0,0,0,0,0,0,50039.054698515,0,0,0,0,13912.0364653897,0,0,211.426968717228,0,0,0,0,0,45543.790372079,0,0,0,0,0,91155.3711679795,0,0,0,0,0,0,0,0,0,0,0,0,11614442.6455482,0,0,0,0
65592,0,264.538433834352,0,0,0,0,0,0,51981.758608909,0,0,0,0,14494.8257637012,0,0,252.552120933552,0,0,0,0,0,47190.3795019101,0,0,0,0,0,91778.9437459164,0,0,0,0,0,0,0,0,0,0,0,0,11746180.7540812,0,0,0,0
65623,0,257.125900840553,0,0,0,0,0,0,51304.8124616769,0,0,0,0,14297.8656926548,0,0,245.236372992985,0,0,0,0,0,46566.9794338531,0,0,0,0,0,92393.591006507,0,0,0,0,0,0,0,0,0,0,0,0,11617001.7078417,0,0,0,0
65653,0,249.988490083116,0,0,0,0,0,0,50637.9379910152,0,0,0,0,14103.9861750541,0,0,238.204075324924,0,0,0,0,0,45953.0567805044,0,0,0,0,0,93000.4000817097,0,0,0,0,0,0,0,0,0,0,0,0,11489399.438444,0,0,0,0
65684,0,243.112827067291,0,0,0,0,0,0,49980.9553760654,0,0,0,0,13913.1258871874,0,0,231.440918527669,0,0,0,0,0,45348.4366642758,0,0,0,0,0,93599.5133120121,0,0,0,0,0,0,0,0,0,0,0,0,11363351.4901088,0,0,0,0
65714,0,236.486318718494,0,0,0,0,0,0,49333.6888380495,0,0,0,0,13725.2252113649,0,0,224.933451411043,0,0,0,0,0,44752.9483045811,0,0,0,0,0,94191.1312578161,0,0,0,0,0,0,0,0,0,0,0,0,11238835.8093293,0,0,0,0
65745,0,230.097102667835,0,0,0,0,0,0,48695.9665231569,0,0,0,0,13540.2261681298,0,0,218.669024310765,0,0,0,0,0,44166.424893745,0,0,0,0,0,94775.5871146429,0,0,0,0,0,0,0,0,0,0,0,0,11115830.7350626,0,0,0,0
65776,0,223.934000036475,0,0,0,0,0,0,48067.6203898891,0,0,0,0,13358.0723520623,0,0,212.635736364006,0,0,0,0,0,43588.7034779387,0,0,0,0,0,95352.6567824131,0,0,0,0,0,0,0,0,0,0,0,0,10994314.9892571,0,0,0,0
65805,0,217.986471467442,0,0,0,0,0,0,47448.4861006204,0,0,0,0,13178.7088709418,0,0,206.822386458643,0,0,0,0,0,43019.6248428354,0,0,0,0,0,95919.3555355403,0,0,0,0,0,0,0,0,0,0,0,0,10874267.6676996,0,0,0,0
65836,0,212.244576172192,0,0,0,0,0,0,46838.4029171541,0,0,0,0,13002.0822880495,0,0,201.218427590177,0,0,0,0,0,42459.033403709,0,0,0,0,0,96483.1260739388,0,0,0,0,0,0,0,0,0,0,0,0,10755668.2311672,0,0,0,0
65866,0,206.698933776383,0,0,0,0,0,0,46237.2136000695,0,0,0,0,12828.1405674125,0,0,195.813924380168,0,0,0,0,0,41906.7770997264,0,0,0,0,0,97039.7518581631,0,0,0,0,0,0,0,0,0,0,0,0,10638496.4968717,0,0,0,0
65897,0,201.340688765219,0,0,0,0,0,0,45644.7643116725,0,0,0,0,12656.833021803,0,0,190.599513528318,0,0,0,0,0,41362.7072922069,0,0,0,0,0,97589.2805240495,0,0,0,0,0,0,0,0,0,0,0,0,10522732.6301809,0,0,0,0
65927,0,196.161477343458,0,0,0,0,0,0,45060.9045223789,0,0,0,0,12488.1102633218,0,0,185.56636698727,0,0,0,0,0,40826.6786666393,0,0,0,0,0,98131.7598524115,0,0,0,0,0,0,0,0,0,0,0,0,10408357.1366081,0,0,0,0
65958,0,233.148923084309,0,0,0,0,0,0,46187.740005917,0,0,0,0,12845.769534817,0,0,222.428131195563,0,0,0,0,0,41663.0788762144,0,0,0,0,0,98796.4466683158,0,0,0,0,0,0,0,0,0,0,0,0,10468631.8355404,0,0,0,0
65989,0,226.641718481433,0,0,0,0,0,0,45603.7752467796,0,0,0,0,12675.255115194,0,0,216.018712243453,0,0,0,0,0,41130.3350037682,0,0,0,0,0,99451.5525051954,0,0,0,0,0,0,0,0,0,0,0,0,10354065.6135127,0,0,0,0
66019,0,220.372075832616,0,0,0,0,0,0,45028.1929862293,0,0,0,0,12507.3265579247,0,0,209.854821573947,0,0,0,0,0,40605.344743673,0,0,0,0,0,100098.243922781,0,0,0,0,0,0,0,0,0,0,0,0,10240878.8419623,0,0,0,0
66050,0,214.328315063452,0,0,0,0,0,0,44460.8473876166,0,0,0,0,12341.9331551846,0,0,203.923785101297,0,0,0,0,0,40087.9705012392,0,0,0,0,0,100736.673967276,0,0,0,0,0,0,0,0,0,0,0,0,10129052.2244929,0,0,0,0
66080,0,208.499476967524,0,0,0,0,0,0,43901.5959158387,0,0,0,0,12179.0256566221,0,0,198.213739620609,0,0,0,0,0,39578.0778773601,0,0,0,0,0,101367.058254702,0,0,0,0,0,0,0,0,0,0,0,0,10018566.8080949,0,0,0,0
66111,0,202.875272271789,0,0,0,0,0,0,43350.2992374402,0,0,0,0,12018.5562064043,0,0,192.713574130405,0,0,0,0,0,39075.5355690669,0,0,0,0,0,101989.754490868,0,0,0,0,0,0,0,0,0,0,0,0,9909403.97454792,0,0,0,0
66142,0,197.446034586264,0,0,0,0,0,0,42806.8211246396,0,0,0,0,11860.4782839375,0,0,187.412875704732,0,0,0,0,0,38580.21527411,0,0,0,0,0,102604.522870964,0,0,0,0,0,0,0,0,0,0,0,0,9801545.43213629,0,0,0,0
66170,0,192.202676927426,0,0,0,0,0,0,42271.0283630887,0,0,0,0,11704.7466480017,0,0,182.30187954641,0,0,0,0,0,38091.9915993601,0,0,0,0,0,103208.169121959,0,0,0,0,0,0,0,0,0,0,0,0,9694973.20766206,0,0,0,0
66201,0,187.136651530427,0,0,0,0,0,0,41742.7906631834,0,0,0,0,11551.3172840666,0,0,177.371422883773,0,0,0,0,0,37610.7419728405,0,0,0,0,0,103808.660028087,0,0,0,0,0,0,0,0,0,0,0,0,9589669.63874085,0,0,0,0
66231,0,182.239912688742,0,0,0,0,0,0,41221.9805747559,0,0,0,0,11400.1473545684,0,0,172.612902401456,0,0,0,0,0,37136.3465592078,0,0,0,0,0,104401.48331945,0,0,0,0,0,0,0,0,0,0,0,0,9485617.36636692,0,0,0,0
66262,0,177.504882381385,0,0,0,0,0,0,40708.4734049876,0,0,0,0,11251.1951519475,0,0,168.018234921497,0,0,0,0,0,36668.6881785144,0,0,0,0,0,104986.690571834,0,0,0,0,0,0,0,0,0,0,0,0,9382799.32773447,0,0,0,0
66292,0,172.924418467494,0,0,0,0,0,0,40202.1471393908,0,0,0,0,11104.4200542592,0,0,163.579821074564,0,0,0,0,0,36207.6522280929,0,0,0,0,0,105564.333609364,0,0,0,0,0,0,0,0,0,0,0,0,9281198.74930318,0,0,0,0
66323,0,206.047278939966,0,0,0,0,0,0,44951.4517042272,0,0,0,0,12435.0909997376,0,0,196.52782486214,0,0,0,0,0,40518.6269602146,0,0,0,0,0,106059.554529144,0,0,0,0,0,0,0,0,0,0,0,0,9623035.34691786,0,0,0,0
66354,0,200.278453616007,0,0,0,0,0,0,44374.0599133956,0,0,0,0,12267.3875080285,0,0,190.871168355971,0,0,0,0,0,39989.4566261472,0,0,0,0,0,106553.073202864,0,0,0,0,0,0,0,0,0,0,0,0,9515712.87157107,0,0,0,0
66384,0,194.71396097626,0,0,0,0,0,0,43805.0520843164,0,0,0,0,12102.2416430944,0,0,185.424702494395,0,0,0,0,0,39468.0860215751,0,0,0,0,0,107040.690832974,0,0,0,0,0,0,0,0,0,0,0,0,9409705.92837525,0,0,0,0
66415,0,189.344012625998,0,0,0,0,0,0,43244.2815925911,0,0,0,0,11939.6037816478,0,0,180.177751271447,0,0,0,0,0,38954.3761014734,0,0,0,0,0,107521.54473152,0,0,0,0,0,0,0,0,0,0,0,0,9304995.86340353,0,0,0,0
66445,0,184.159435472167,0,0,0,0,0,0,42691.6051555306,0,0,0,0,11779.4257021942,0,0,175.120344422619,0,0,0,0,0,38448.1910766953,0,0,0,0,0,107995.218261991,0,0,0,0,0,0,0,0,0,0,0,0,9201564.35642283,0,0,0,0
66476,0,179.151625357024,0,0,0,0,0,0,42146.882727786,0,0,0,0,11621.6605235306,0,0,170.243162296628,0,0,0,0,0,37949.3983084066,0,0,0,0,0,108460.318458169,0,0,0,0,0,0,0,0,0,0,0,0,9099393.41252177,0,0,0,0
66507,0,174.312504579682,0,0,0,0,0,0,41609.977401454,0,0,0,0,11466.2626470983,0,0,165.537485469444,0,0,0,0,0,37457.8682072883,0,0,0,0,0,108918.437789874,0,0,0,0,0,0,0,0,0,0,0,0,8998465.35405071,0,0,0,0
66535,0,169.634482957317,0,0,0,0,0,0,41080.7553103977,0,0,0,0,11313.1877028865,0,0,160.995148667377,0,0,0,0,0,36973.4741372106,0,0,0,0,0,109369.04775173,0,0,0,0,0,0,0,0,0,0,0,0,8898762.81285737,0,0,0,0
66566,0,165.110422110442,0,0,0,0,0,0,40559.0855385428,0,0,0,0,11162.3924986141,0,0,156.608498607322,0,0,0,0,0,36496.0923231081,0,0,0,0,0,109814.458221249,0,0,0,0,0,0,0,0,0,0,0,0,8800268.72280231,0,0,0,0
66596,0,160.733602686189,0,0,0,0,0,0,40044.8400319265,0,0,0,0,11013.8349719375,0,0,152.37035539953,0,0,0,0,0,36025.6017628058,0,0,0,0,0,110252.866429921,0,0,0,0,0,0,0,0,0,0,0,0,8702966.31254011,0,0,0,0
66627,0,156.497694260126,0,0,0,0,0,0,39537.8935142958,0,0,0,0,10867.4741454554,0,0,148.273977191786,0,0,0,0,0,35561.8841425642,0,0,0,0,0,110684.738097971,0,0,0,0,0,0,0,0,0,0,0,0,8606839.09855258,0,0,0,0
66657,0,152.396727681228,0,0,0,0,0,0,39038.1234060605,0,0,0,0,10723.2700843044,0,0,144.313027764216,0,0,0,0,0,35104.8237561341,0,0,0,0,0,111110.848772617,0,0,0,0,0,0,0,0,0,0,0,0,8511870.87842145,0,0,0,0
66688,0,181.86341308787,0,0,0,0,0,0,42254.3749036769,0,0,0,0,11607.6881380536,0,0,173.84364203227,0,0,0,0,0,38196.051940647,0,0,0,0,0,79078.6560573445,0,0,0,0,0,0,0,0,0,0,0,0,8710232.08789098,0,0,0,0
66719,0,176.650384045399,0,0,0,0,0,0,41707.8525627423,0,0,0,0,11449.9796904436,0,0,168.733764735056,0,0,0,0,0,37697.5627017325,0,0,0,0,0,79598.0244197771,0,0,0,0,0,0,0,0,0,0,0,0,8611701.72326402,0,0,0,0
66749,0,171.620962277455,0,0,0,0,0,0,41169.3066880153,0,0,0,0,11294.6821991783,0,0,163.81284385428,0,0,0,0,0,37206.4138303374,0,0,0,0,0,80110.3594474687,0,0,0,0,0,0,0,0,0,0,0,0,8514394.79809187,0,0,0,0
66780,0,166.766427988441,0,0,0,0,0,0,40638.5970667122,0,0,0,0,11141.748908535,0,0,159.071248288088,0,0,0,0,0,36722.4741254239,0,0,0,0,0,80615.7283043273,0,0,0,0,0,0,0,0,0,0,0,0,8418293.77183785,0,0,0,0
66810,0,162.078627939315,0,0,0,0,0,0,40115.5867069118,0,0,0,0,10991.1343905461,0,0,154.500018040261,0,0,0,0,0,36245.6154881092,0,0,0,0,0,81114.3138530119,0,0,0,0,0,0,0,0,0,0,0,0,8323381.4204276,0,0,0,0
66841,0,157.549928959862,0,0,0,0,0,0,39600.1417365627,0,0,0,0,10842.7944847197,0,0,150.090806203382,0,0,0,0,0,35775.7128205375,0,0,0,0,0,81606.3547434563,0,0,0,0,0,0,0,0,0,0,0,0,8229640.82824065,0,0,0,0
66872,0,153.173175851308,0,0,0,0,0,0,39092.131306725,0,0,0,0,10696.6862418384,0,0,145.835826619885,0,0,0,0,0,35312.6439292186,0,0,0,0,0,82091.7120779079,0,0,0,0,0,0,0,0,0,0,0,0,8137055.38040681,0,0,0,0
66900,0,148.941653229133,0,0,0,0,0,0,38591.4274988158,0,0,0,0,10552.7678714791,0,0,141.727806623798,0,0,0,0,0,34856.2894325668,0,0,0,0,0,82568.367107002,0,0,0,0,0,0,0,0,0,0,0,0,8045608.75539036,0,0,0,0
66931,0,144.849050904592,0,0,0,0,0,0,38097.9052356415,0,0,0,0,10410.9986929357,0,0,137.759944331827,0,0,0,0,0,34406.5326723949,0,0,0,0,0,83041.4998085295,0,0,0,0,0,0,0,0,0,0,0,0,7955284.91784614,0,0,0,0
66961,0,140.889432446668,0,0,0,0,0,0,37611.4421960166,0,0,0,0,10271.3390892546,0,0,133.925870010785,0,0,0,0,0,33963.2596291393,0,0,0,0,0,83508.1724212173,0,0,0,0,0,0,0,0,0,0,0,0,7866068.11173299,0,0,0,0
66992,0,137.057206604507,0,0,0,0,0,0,37131.9187327833,0,0,0,0,10133.7504641248,0,0,130.219611100071,0,0,0,0,0,33526.3588406078,0,0,0,0,0,83968.4581529118,0,0,0,0,0,0,0,0,0,0,0,0,7777942.85367097,0,0,0,0
67022,0,133.347101304503,0,0,0,0,0,0,36659.2177940595,0,0,0,0,9998.19520138991,0,0,126.635560513695,0,0,0,0,0,33095.72132406,0,0,0,0,0,84422.4587878507,0,0,0,0,0,0,0,0,0,0,0,0,7690893.92652984,0,0,0,0
67053,0,159.805882342333,0,0,0,0,0,0,36822.161368579,0,0,0,0,10072.7928740131,0,0,153.420257763768,0,0,0,0,0,33032.5429598518,0,0,0,0,0,84945.772596332,0,0,0,0,0,0,0,0,0,0,0,0,7625119.75906213,0,0,0,0
67084,0,155.031195517974,0,0,0,0,0,0,36360.3010920974,0,0,0,0,9938.70879315272,0,0,148.735831490329,0,0,0,0,0,32612.0136013765,0,0,0,0,0,85461.776018425,0,0,0,0,0,0,0,0,0,0,0,0,7539250.02035633,0,0,0,0
67114,0,150.425796168661,0,0,0,0,0,0,35904.8742110579,0,0,0,0,9806.6029705677,0,0,144.224653001527,0,0,0,0,0,32197.3754532597,0,0,0,0,0,85970.5571302269,0,0,0,0,0,0,0,0,0,0,0,0,7454431.69553469,0,0,0,0
67145,0,145.981907164331,0,0,0,0,0,0,35455.7743617656,0,0,0,0,9676.43848848701,0,0,139.878185950627,0,0,0,0,0,31788.5304360501,0,0,0,0,0,86472.2417917849,0,0,0,0,0,0,0,0,0,0,0,0,7370650.05198654,0,0,0,0
67175,0,141.692239895332,0,0,0,0,0,0,35012.8974932666,0,0,0,0,9548.17946201443,0,0,135.688478908405,0,0,0,0,0,31385.3826467611,0,0,0,0,0,86966.9092589436,0,0,0,0,0,0,0,0,0,0,0,0,7287890.6162038,0,0,0,0
67206,0,137.549953499491,0,0,0,0,0,0,34576.1417951383,0,0,0,0,9421.79099011869,0,0,131.64811251775,0,0,0,0,0,30987.8382882717,0,0,0,0,0,87454.6871920537,0,0,0,0,0,0,0,0,0,0,0,0,7206139.16729229,0,0,0,0
67237,0,133.548618252285,0,0,0,0,0,0,34145.4076284742,0,0,0,0,9297.23911028374,0,0,127.750152374329,0,0,0,0,0,30595.8056019894,0,0,0,0,0,87935.7185707849,0,0,0,0,0,0,0,0,0,0,0,0,7125381.73073787,0,0,0,0
67266,0,129.682182638015,0,0,0,0,0,0,33720.5974598813,0,0,0,0,9174.49075645744,0,0,123.988106941388,0,0,0,0,0,30209.1948035828,0,0,0,0,0,88408.2172121253,0,0,0,0,0,0,0,0,0,0,0,0,7045604.57241167,0,0,0,0
67297,0,125.944943680287,0,0,0,0,0,0,33301.6157983206,0,0,0,0,9053.5137199787,0,0,120.355889896344,0,0,0,0,0,29827.9180216038,0,0,0,0,0,88876.6994644168,0,0,0,0,0,0,0,0,0,0,0,0,6966794.19280047,0,0,0,0
67327,0,122.331520162565,0,0,0,0,0,0,32888.3691346332,0,0,0,0,8934.27661320017,0,0,116.8477863842,0,0,0,0,0,29451.8892388335,0,0,0,0,0,89338.5541494698,0,0,0,0,0,0,0,0,0,0,0,0,6888937.32144923,0,0,0,0
67358,0,118.836828415079,0,0,0,0,0,0,32480.7658836025,0,0,0,0,8816.74883555442,0,0,113.458422719736,0,0,0,0,0,29081.0242361956,0,0,0,0,0,89793.888292572,0,0,0,0,0,0,0,0,0,0,0,0,6812020.91160367,0,0,0,0
67388,0,115.456060383937,0,0,0,0,0,0,32078.7163284165,0,0,0,0,8700.90054184047,0,0,110.182739138398,0,0,0,0,0,28715.240539092,0,0,0,0,0,90242.8869497602,0,0,0,0,0,0,0,0,0,0,0,0,6736032.13504214,0,0,0,0
67419,0,138.222687397453,0,0,0,0,0,0,35357.4190005502,0,0,0,0,9616.70906621816,0,0,133.364008827623,0,0,0,0,0,31648.5119126843,0,0,0,0,0,81985.8831842935,0,0,0,0,0,0,0,0,0,0,0,0,6939815.11619563,0,0,0,0
67450,0,133.895792760963,0,0,0,0,0,0,34909.2595425456,0,0,0,0,9487.07685770166,0,0,129.108698275115,0,0,0,0,0,31240.8027976612,0,0,0,0,0,82482.932080596,0,0,0,0,0,0,0,0,0,0,0,0,6860243.92832709,0,0,0,0
67480,0,129.725118283962,0,0,0,0,0,0,34467.3734517406,0,0,0,0,9359.3642442431,0,0,125.012753758147,0,0,0,0,0,30838.8371353895,0,0,0,0,0,82973.1824965356,0,0,0,0,0,0,0,0,0,0,0,0,6781661.15020196,0,0,0,0
67511,0,125.703620817618,0,0,0,0,0,0,34031.6567243507,0,0,0,0,9233.53551560459,0,0,121.068506859012,0,0,0,0,0,30442.5189590627,0,0,0,0,0,83456.6998848025,0,0,0,0,0,0,0,0,0,0,0,0,6704052.79513175,0,0,0,0
67541,0,121.824682770669,0,0,0,0,0,0,33602.0076598894,0,0,0,0,9109.55595308371,0,0,117.268800421524,0,0,0,0,0,30051.7544852324,0,0,0,0,0,83933.5517444004,0,0,0,0,0,0,0,0,0,0,0,0,6627405.12415713,0,0,0,0
67572,0,118.082076876074,0,0,0,0,0,0,33178.3267840158,0,0,0,0,8987.39178227056,0,0,113.606941034305,0,0,0,0,0,29666.4520362863,0,0,0,0,0,84403.5528799452,0,0,0,0,0,0,0,0,0,0,0,0,6551704.63977468,0,0,0,0
67603,0,114.469934788436,0,0,0,0,0,0,32760.5167753305,0,0,0,0,8867.01012951112,0,0,110.076657258065,0,0,0,0,0,29286.5219671979,0,0,0,0,0,84866.8854580116,0,0,0,0,0,0,0,0,0,0,0,0,6476938.07991745,0,0,0,0
67631,0,110.982719004984,0,0,0,0,0,0,32348.4823958426,0,0,0,0,8748.37898166771,0,0,106.672062768816,0,0,0,0,0,28911.8765962241,0,0,0,0,0,85322.0082356201,0,0,0,0,0,0,0,0,0,0,0,0,6403092.41217269,0,0,0,0
67662,0,107.615197679581,0,0,0,0,0,0,31942.1304248543,0,0,0,0,8631.4671488228,0,0,103.387623722934,0,0,0,0,0,28542.4301392609,0,0,0,0,0,85773.2042269197,0,0,0,0,0,0,0,0,0,0,0,0,6330154.82822196,0,0,0,0
67692,0,104.362421963149,0,0,0,0,0,0,31541.3695960328,0,0,0,0,8516.24422962003,0,0,100.218129760467,0,0,0,0,0,28178.0986475902,0,0,0,0,0,86217.9747260805,0,0,0,0,0,0,0,0,0,0,0,0,6258112.73848991,0,0,0,0
67723,0,101.219705557408,0,0,0,0,0,0,31146.1105374544,0,0,0,0,8402.68057897587,0,0,97.1586681543486,0,0,0,0,0,27818.7999487764,0,0,0,0,0,86656.4201299167,0,0,0,0,0,0,0,0,0,0,0,0,6186953.76698938,0,0,0,0
67753,0,98.1826062137073,0,0,0,0,0,0,30756.2657144291,0,0,0,0,8290.74727792933,0,0,94.2046006889172,0,0,0,0,0,27464.4535904929,0,0,0,0,0,87088.7102865129,0,0,0,0,0,0,0,0,0,0,0,0,6116665.74635178,0,0,0,0
67784,0,118.225586918688,0,0,0,0,0,0,33625.8120575319,0,0,0,0,9087.91870028247,0,0,114.853185538746,0,0,0,0,0,30109.89678915,0,0,0,0,0,78250.2869860374,0,0,0,0,0,0,0,0,0,0,0,0,6272598.88006456,0,0,0,0
67815,0,114.302042006214,0,0,0,0,0,0,33193.094702562,0,0,0,0,8963.3557071822,0,0,110.975713360254,0,0,0,0,0,29718.6421575488,0,0,0,0,0,78683.7335868803,0,0,0,0,0,0,0,0,0,0,0,0,6199321.2833333,0,0,0,0
67845,0,110.524896398733,0,0,0,0,0,0,32766.506747153,0,0,0,0,8840.65712703408,0,0,107.248674180242,0,0,0,0,0,29332.949448243,0,0,0,0,0,79110.8288609517,0,0,0,0,0,0,0,0,0,0,0,0,6126969.45262357,0,0,0,0
67876,0,106.887474586331,0,0,0,0,0,0,32345.9459391805,0,0,0,0,8719.7881472715,0,0,103.663700033237,0,0,0,0,0,28952.7251484142,0,0,0,0,0,79531.7224363057,0,0,0,0,0,0,0,0,0,0,0,0,6055530.10459191,0,0,0,0
67906,0,103.383590943094,0,0,0,0,0,0,31931.3122947458,0,0,0,0,8600.71497331511,0,0,100.214165486043,0,0,0,0,0,28577.877884032,0,0,0,0,0,79946.3763334575,0,0,0,0,0,0,0,0,0,0,0,0,5984990.19326243,0,0,0,0
67937,0,100.007409869285,0,0,0,0,0,0,31522.5080213538,0,0,0,0,8483.40471618958,0,0,96.8938535191633,0,0,0,0,0,28208.3183423241,0,0,0,0,0,80354.6454876441,0,0,0,0,0,0,0,0,0,0,0,0,5915336.90401817,0,0,0,0
67968,0,96.7534192277594,0,0,0,0,0,0,31119.4374451739,0,0,0,0,8367.8253521964,0,0,93.6969204307019,0,0,0,0,0,27843.9591987313,0,0,0,0,0,80756.9737175698,0,0,0,0,0,0,0,0,0,0,0,0,5846557.64783284,0,0,0,0
67996,0,93.6164065249635,0,0,0,0,0,0,30722.0069420794,0,0,0,0,8253.94568555819,0,0,90.6178649009576,0,0,0,0,0,27484.7150479863,0,0,0,0,0,81152.2601343926,0,0,0,0,0,0,0,0,0,0,0,0,5778640.05572751,0,0,0,0
68027,0,90.5914374669271,0,0,0,0,0,0,30330.1248721913,0,0,0,0,8141.73531371139,0,0,87.6515005926713,0,0,0,0,0,27130.5023389941,0,0,0,0,0,81543.4012331003,0,0,0,0,0,0,0,0,0,0,0,0,5711571.97343795,0,0,0,0
68057,0,87.6738365800725,0,0,0,0,0,0,29943.7015176731,0,0,0,0,8031.16459496978,0,0,84.792931769513,0,0,0,0,0,26781.2393132198,0,0,0,0,0,81928.6487307464,0,0,0,0,0,0,0,0,0,0,0,0,5645341.45628025,0,0,0,0
68088,0,84.8591696355975,0,0,0,0,0,0,29562.6490235497,0,0,0,0,7922.20461831928,0,0,82.037531503142,0,0,0,0,0,26436.8459463187,0,0,0,0,0,82308.1336882255,0,0,0,0,0,0,0,0,0,0,0,0,5579936.76420279,0,0,0,0
68118,0,82.143227656484,0,0,0,0,0,0,29186.8813413423,0,0,0,0,7814.82717513621,0,0,79.380922110886,0,0,0,0,0,26097.2438927685,0,0,0,0,0,82682.1154639326,0,0,0,0,0,0,0,0,0,0,0,0,5515346.35701429,0,0,0,0
68149,0,97.2625770043678,0,0,0,0,0,0,28124.256277268,0,0,0,0,7531.81296022599,0,0,95.1814208734726,0,0,0,0,0,25477.4651341879,0,0,0,0,0,59731.6213441153,0,0,0,0,0,0,0,0,0,0,0,0,5265968.86542721,0,0,0,0
68180,0,93.8294292026247,0,0,0,0,0,0,27766.0726682339,0,0,0,0,7429.43467333795,0,0,91.7701643312898,0,0,0,0,0,25150.1310239539,0,0,0,0,0,60054.9552477748,0,0,0,0,0,0,0,0,0,0,0,0,5204416.33183826,0,0,0,0
68210,0,90.5295573966296,0,0,0,0,0,0,27412.9322954546,0,0,0,0,7328.58683958687,0,0,88.4955629582571,0,0,0,0,0,24827.4191253784,0,0,0,0,0,60374.5155943779,0,0,0,0,0,0,0,0,0,0,0,0,5143640.92630103,0,0,0,0
68241,0,87.3568542631876,0,0,0,0,0,0,27064.7498096366,0,0,0,0,7229.24016656527,0,0,85.3508873516462,0,0,0,0,0,24509.2504683461,0,0,0,0,0,60690.546415584,0,0,0,0,0,0,0,0,0,0,0,0,5083631.45137835,0,0,0,0
68271,0,84.305578119778,0,0,0,0,0,0,26721.4418742244,0,0,0,0,7131.3662231146,0,0,82.3298969385144,0,0,0,0,0,24195.5480267033,0,0,0,0,0,61002.6106604901,0,0,0,0,0,0,0,0,0,0,0,0,5024376.91372568,0,0,0,0
68302,0,81.3703191515965,0,0,0,0,0,0,26382.927087938,0,0,0,0,7034.93739286105,0,0,79.4267730115988,0,0,0,0,0,23886.2366359427,0,0,0,0,0,61310.5046490434,0,0,0,0,0,0,0,0,0,0,0,0,4965866.51865154,0,0,0,0
68333,0,78.5459712637098,0,0,0,0,0,0,26049.1259122351,0,0,0,0,6939.92683290345,0,0,76.6360680177642,0,0,0,0,0,23581.2429167268,0,0,0,0,0,61614.7532852751,0,0,0,0,0,0,0,0,0,0,0,0,4908089.66492979,0,0,0,0
68361,0,75.8277080820025,0,0,0,0,0,0,25719.9606032534,0,0,0,0,6846.30843658323,0,0,73.9526660036554,0,0,0,0,0,23280.495203677,0,0,0,0,0,61914.2232352829,0,0,0,0,0,0,0,0,0,0,0,0,4851035.93983945,0,0,0,0
68392,0,73.2109620977942,0,0,0,0,0,0,25395.3551478382,0,0,0,0,6754.05679957696,0,0,71.3717508512148,0,0,0,0,0,22983.9234789227,0,0,0,0,0,62210.9008754958,0,0,0,0,0,0,0,0,0,0,0,0,4794695.11441216,0,0,0,0
68422,0,70.6914062619281,0,0,0,0,0,0,25075.2352033018,0,0,0,0,6663.14718876033,0,0,68.8887800641872,0,0,0,0,0,22691.4593099632,0,0,0,0,0,62503.8328761056,0,0,0,0,0,0,0,0,0,0,0,0,4739057.13887128,0,0,0,0
68453,0,68.264937540407,0,0,0,0,0,0,24759.5280406008,0,0,0,0,6573.55551343348,0,0,66.4994626051474,0,0,0,0,0,22403.0357914437,0,0,0,0,0,62792.9783952319,0,0,0,0,0,0,0,0,0,0,0,0,4684112.1382486,0,0,0,0
68483,0,65.9276620814646,0,0,0,0,0,0,24448.1624906491,0,0,0,0,6485.25829859523,0,0,64.1997397670725,0,0,0,0,0,22118.5874904945,0,0,0,0,0,63078.1107711677,0,0,0,0,0,0,0,0,0,0,0,0,4629850.40816714,0,0,0,0
68514,0,79.146840516692,0,0,0,0,0,0,25830.6672978612,0,0,0,0,6862.61265727842,0,0,78.2496133071387,0,0,0,0,0,23364.6862061376,0,0,0,0,0,56941.4728106697,0,0,0,0,0,0,0,0,0,0,0,0,4620373.80763919,0,0,0,0
68545,0,76.1316061928063,0,0,0,0,0,0,25497.040280011,0,0,0,0,6767.51017022171,0,0,75.2324974438446,0,0,0,0,0,23059.7701179852,0,0,0,0,0,57283.8108387794,0,0,0,0,0,0,0,0,0,0,0,0,4565543.18543848,0,0,0,0
68575,0,73.2393709977257,0,0,0,0,0,0,25168.1602342404,0,0,0,0,6673.84327888013,0,0,72.3415720521412,0,0,0,0,0,22759.2042325089,0,0,0,0,0,57621.5856495471,0,0,0,0,0,0,0,0,0,0,0,0,4511415.03145299,0,0,0,0
68606,0,70.4644356324632,0,0,0,0,0,0,24843.9471608514,0,0,0,0,6581.58466070351,0,0,69.5706178390484,0,0,0,0,0,22462.9149683707,0,0,0,0,0,57954.7504312475,0,0,0,0,0,0,0,0,0,0,0,0,4457979.08756078,0,0,0,0
68636,0,67.8014317606424,0,0,0,0,0,0,24524.3228422456,0,0,0,0,6490.70775573669,0,0,66.9139150389368,0,0,0,0,0,22170.8304189242,0,0,0,0,0,58283.3533944793,0,0,0,0,0,0,0,0,0,0,0,0,4405225.28344758,0,0,0,0
68667,0,65.2452877018106,0,0,0,0,0,0,24209.2107848588,0,0,0,0,6401.18672632347,0,0,64.366079427227,0,0,0,0,0,21882.8802940664,0,0,0,0,0,58607.3565640194,0,0,0,0,0,0,0,0,0,0,0,0,4353143.73181438,0,0,0,0
68698,0,62.7912077530363,0,0,0,0,0,0,23898.5361639999,0,0,0,0,6312.99642627977,0,0,61.9220372103003,0,0,0,0,0,21598.9958653386,0,0,0,0,0,58926.8857955948,0,0,0,0,0,0,0,0,0,0,0,0,4301724.72376666,0,0,0,0
68727,0,60.4346533261259,0,0,0,0,0,0,23592.2257713753,0,0,0,0,6226.11237209155,0,0,59.5770022908688,0,0,0,0,0,21319.109914001,0,0,0,0,0,59241.0534471032,0,0,0,0,0,0,0,0,0,0,0,0,4250958.72437497,0,0,0,0
68758,0,58.1713257043503,0,0,0,0,0,0,23290.2079651015,0,0,0,0,6140.51071594974,0,0,57.3264556327888,0,0,0,0,0,21043.1566818353,0,0,0,0,0,59552.257347938,0,0,0,0,0,0,0,0,0,0,0,0,4200836.3683971,0,0,0,0
68788,0,55.9971502479066,0,0,0,0,0,0,22992.4126220313,0,0,0,0,6056.16822045642,0,0,55.1661264872876,0,0,0,0,0,20771.0718244574,0,0,0,0,0,59859.0830385188,0,0,0,0,0,0,0,0,0,0,0,0,4151348.45615316,0,0,0,0
68819,0,53.9082618989056,0,0,0,0,0,0,22698.7710922336,0,0,0,0,5973.06223485603,0,0,53.0919752746395,0,0,0,0,0,20502.7923669458,0,0,0,0,0,60161.6294115351,0,0,0,0,0,0,0,0,0,0,0,0,4102485.94954548,0,0,0,0
68849,0,51.9009918550852,0,0,0,0,0,0,22409.2161554819,0,0,0,0,5891.17067266179,0,0,51.1001779424725,0,0,0,0,0,20238.2566616117,0,0,0,0,0,60460.0684649597,0,0,0,0,0,0,0,0,0,0,0,0,4054239.9682158,0,0,0,0
68880,0,61.2143212862549,0,0,0,0,0,0,24071.3826586689,0,0,0,0,6351.40412662559,0,0,61.2479364046875,0,0,0,0,0,21743.824276166,0,0,0,0,0,51674.0775218139,0,0,0,0,0,0,0,0,0,0,0,0,4119647.40851709,0,0,0,0
68911,0,58.6800422109168,0,0,0,0,0,0,23756.7209660877,0,0,0,0,6262.05504861296,0,0,58.6896678610573,0,0,0,0,0,21456.2428247201,0,0,0,0,0,52003.9590434327,0,0,0,0,0,0,0,0,0,0,0,0,4069959.90205494,0,0,0,0
68941,0,56.2555435647905,0,0,0,0,0,0,23446.5732349368,0,0,0,0,6174.06344451423,0,0,56.244334837291,0,0,0,0,0,21172.8011462844,0,0,0,0,0,52329.2841495041,0,0,0,0,0,0,0,0,0,0,0,0,4020917.48642137,0,0,0,0
68972,0,53.9356225905827,0,0,0,0,0,0,23140.8629095335,0,0,0,0,6087.40339184513,0,0,53.9063742458224,0,0,0,0,0,20893.4287834257,0,0,0,0,0,52650.1108615685,0,0,0,0,0,0,0,0,0,0,0,0,3972510.64626728,0,0,0,0
69002,0,51.7153661508918,0,0,0,0,0,0,22839.5151596476,0,0,0,0,6002.04968622834,0,0,51.6705562150125,0,0,0,0,0,20618.0568977769,0,0,0,0,0,52966.5580289683,0,0,0,0,0,0,0,0,0,0,0,0,3924730.04218913,0,0,0,0
69033,0,49.5901301203742,0,0,0,0,0,0,22542.4568234761,0,0,0,0,5917.97780999851,0,0,49.5319571723478,0,0,0,0,0,20346.618213697,0,0,0,0,0,53278.776638677,0,0,0,0,0,0,0,0,0,0,0,0,3877566.50618013,0,0,0,0
69064,0,47.5555207935757,0,0,0,0,0,0,22249.6163534099,0,0,0,0,5835.16390299243,0,0,47.4859361009654,0,0,0,0,0,20079.0469649048,0,0,0,0,0,53586.6894204432,0,0,0,0,0,0,0,0,0,0,0,0,3831011.03725616,0,0,0,0
69092,0,45.607378027499,0,0,0,0,0,0,21960.9237644034,0,0,0,0,5753.58473528591,0,0,45.5281134299166,0,0,0,0,0,19815.2788438715,0,0,0,0,0,53889.2141521573,0,0,0,0,0,0,0,0,0,0,0,0,3785054.79724596,0,0,0,0
69123,0,43.7417598913827,0,0,0,0,0,0,21676.3105847741,0,0,0,0,5673.21768167716,0,0,43.6543521367073,0,0,0,0,0,19555.2509537727,0,0,0,0,0,54189.1293366951,0,0,0,0,0,0,0,0,0,0,0,0,3739689.10673631,0,0,0,0
69153,0,41.9549286371885,0,0,0,0,0,0,21395.7098092723,0,0,0,0,5594.04069774736,0,0,41.8607407293484,0,0,0,0,0,19298.9017628226,0,0,0,0,0,54484.8590925491,0,0,0,0,0,0,0,0,0,0,0,0,3694905.44116371,0,0,0,0
69184,0,40.243337836113,0,0,0,0,0,0,21119.0558542768,0,0,0,0,5516.03229735302,0,0,40.1435778421537,0,0,0,0,0,19046.1710608231,0,0,0,0,0,54776.4576265145,0,0,0,0,0,0,0,0,0,0,0,0,3650695.42704459,0,0,0,0
69214,0,38.6036205513562,0,0,0,0,0,0,20846.2845149799,0,0,0,0,5439.17153142455,0,0,38.4993582305227,0,0,0,0,0,18796.9999177814,0,0,0,0,0,55064.0232367855,0,0,0,0,0,0,0,0,0,0,0,0,3607050.83833713,0,0,0,0
69245,0,47.1863744977427,0,0,0,0,0,0,16956.4681950991,0,0,0,0,4298.9701146256,0,0,48.2140021779129,0,0,0,0,0,15590.8021862177,0,0,0,0,0,55386.4488832952,0,0,0,0,0,0,0,0,0,0,0,0,3021735.99817053,0,0,0,0
69276,0,44.9907151694781,0,0,0,0,0,0,16735.2776126861,0,0,0,0,4236.52207897308,0,0,45.9560198978237,0,0,0,0,0,15382.6802060076,0,0,0,0,0,55705.8105236334,0,0,0,0,0,0,0,0,0,0,0,0,2985731.51437004,0,0,0,0
69306,0,42.9001110430893,0,0,0,0,0,0,16517.3340032977,0,0,0,0,4175.06305935668,0,0,43.807913978881,0,0,0,0,0,15177.6241749227,0,0,0,0,0,56020.9315153088,0,0,0,0,0,0,0,0,0,0,0,0,2950194.42309968,0,0,0,0
69337,0,40.909201502165,0,0,0,0,0,0,16302.5788678192,0,0,0,0,4114.57232853599,0,0,41.763615573207,0,0,0,0,0,14975.579106858,0,0,0,0,0,56331.5807522817,0,0,0,0,0,0,0,0,0,0,0,0,2915117.62305417,0,0,0,0
69367,0,39.0129595535795,0,0,0,0,0,0,16090.9551425734,0,0,0,0,4055.02981742194,0,0,39.8177380369557,0,0,0,0,0,14776.4913794517,0,0,0,0,0,56637.7371096515,0,0,0,0,0,0,0,0,0,0,0,0,2880494.15432577,0,0,0,0
69398,0,37.2066416547837,0,0,0,0,0,0,15882.4071485071,0,0,0,0,3996.41606718397,0,0,37.9652151784982,0,0,0,0,0,14580.3086795931,0,0,0,0,0,56939.3657673702,0,0,0,0,0,0,0,0,0,0,0,0,2846317.19439381,0,0,0,0
69429,0,35.4857684737929,0,0,0,0,0,0,15676.8805433643,0,0,0,0,3938.71220165342,0,0,36.2012777888288,0,0,0,0,0,14386.9799562933,0,0,0,0,0,57236.7761247131,0,0,0,0,0,0,0,0,0,0,0,0,2812580.05427617,0,0,0,0
69457,0,33.8461072858159,0,0,0,0,0,0,15474.3222761985,0,0,0,0,3881.89990152604,0,0,34.521432324193,0,0,0,0,0,14196.4553759494,0,0,0,0,0,57529.3749557421,0,0,0,0,0,0,0,0,0,0,0,0,2779276.17483373,0,0,0,0
69488,0,32.2836558378968,0,0,0,0,0,0,15274.680544074,0,0,0,0,3825.96138020805,0,0,32.921441506528,0,0,0,0,0,14008.6862799768,0,0,0,0,0,57819.3182093386,0,0,0,0,0,0,0,0,0,0,0,0,2746399.1232191,0,0,0,0
69518,0,30.7946275326082,0,0,0,0,0,0,15077.904750807,0,0,0,0,3770.87936116245,0,0,31.3973066357374,0,0,0,0,0,13823.625144616,0,0,0,0,0,58105.6569937108,0,0,0,0,0,0,0,0,0,0,0,0,2713942.589462,0,0,0,0
69549,0,29.3754377990215,0,0,0,0,0,0,14883.9454676077,0,0,0,0,3716.63705662774,0,0,29.9452514325493,0,0,0,0,0,13641.2255427517,0,0,0,0,0,58388.4185702822,0,0,0,0,0,0,0,0,0,0,0,0,2681900.38318382,0,0,0,0
69579,0,28.0226915342261,0,0,0,0,0,0,14692.7543955021,0,0,0,0,3663.21814759493,0,0,28.5617072522411,0,0,0,0,0,13461.4421075956,0,0,0,0,0,58667.2120016697,0,0,0,0,0,0,0,0,0,0,0,0,2650266.43043476,0,0,0,0
69610,0,33.0996917314693,0,0,0,0,0,0,15398.9139562583,0,0,0,0,3844.88211251727,0,0,34.6062998674507,0,0,0,0,0,14097.8513955423,0,0,0,0,0,51638.0201051147,0,0,0,0,0,0,0,0,0,0,0,0,2670786.49759946,0,0,0,0
69641,0,31.3713201824259,0,0,0,0,0,0,15199.3519148587,0,0,0,0,3788.81934304151,0,0,32.7918170109216,0,0,0,0,0,13908.9062397135,0,0,0,0,0,51943.85915375,0,0,0,0,0,0,0,0,0,0,0,0,2638734.49746728,0,0,0,0
69671,0,29.7345981811855,0,0,0,0,0,0,15002.6780380931,0,0,0,0,3733.63386141901,0,0,31.0745457680599,0,0,0,0,0,13722.7181910014,0,0,0,0,0,52245.5262970717,0,0,0,0,0,0,0,0,0,0,0,0,2607098.06661184,0,0,0,0
69702,0,28.1844875672165,0,0,0,0,0,0,14808.8407401427,0,0,0,0,3679.30718481914,0,0,29.4489553022157,0,0,0,0,0,13539.2378190995,0,0,0,0,0,52543.0507061265,0,0,0,0,0,0,0,0,0,0,0,0,2575870.9307828,0,0,0,0
69732,0,26.7162553069138,0,0,0,0,0,0,14617.7897744432,0,0,0,0,3625.8214433996,0,0,27.909928668963,0,0,0,0,0,13358.4175492718,0,0,0,0,0,52836.4794253933,0,0,0,0,0,0,0,0,0,0,0,0,2545046.9412859,0,0,0,0
69763,0,25.3254465063945,0,0,0,0,0,0,14429.4761219938,0,0,0,0,3573.15932639435,0,0,26.452664147415,0,0,0,0,0,13180.2109383513,0,0,0,0,0,53125.7181101985,0,0,0,0,0,0,0,0,0,0,0,0,2514620.07135645,0,0,0,0
69794,0,24.007865453561,0,0,0,0,0,0,14243.8519516658,0,0,0,0,3521.3040573272,0,0,25.0726518326773,0,0,0,0,0,13004.5726621717,0,0,0,0,0,53410.8809469634,0,0,0,0,0,0,0,0,0,0,0,0,2484584.41265357,0,0,0,0
69822,0,22.7595582945683,0,0,0,0,0,0,14060.870579535,0,0,0,0,3470.2393699145,0,0,23.7656524745684,0,0,0,0,0,12831.4584757918,0,0,0,0,0,53691.224810893,0,0,0,0,0,0,0,0,0,0,0,0,2454934.17189714,0,0,0,0
69853,0,21.5767971634818,0,0,0,0,0,0,13880.4864301233,0,0,0,0,3419.94948551002,0,0,22.5276782912306,0,0,0,0,0,12660.82517667,0,0,0,0,0,53968.8896477421,0,0,0,0,0,0,0,0,0,0,0,0,2425663.66763866,0,0,0,0
69883,0,20.4560656079146,0,0,0,0,0,0,13702.6549993316,0,0,0,0,3370.4190919212,0,0,21.3549755239849,0,0,0,0,0,12492.6305694526,0,0,0,0,0,54242.6431748131,0,0,0,0,0,0,0,0,0,0,0,0,2396767.32715873,0,0,0,0
69914,0,19.39404517395,0,0,0,0,0,0,13527.3328189798,0,0,0,0,3321.63332348297,0,0,20.2440085318992,0,0,0,0,0,12326.8334323343,0,0,0,0,0,54512.5486478639,0,0,0,0,0,0,0,0,0,0,0,0,2368239.6834849,0,0,0,0
69944,0,18.3876030312075,0,0,0,0,0,0,13354.4774228694,0,0,0,0,3273.57774228707,0,0,19.1914452519067,0,0,0,0,0,12163.3934849049,0,0,0,0,0,54778.6997714686,0,0,0,0,0,0,0,0,0,0,0,0,2340075.37252344,0,0,0,0
69975,0,21.4442458896322,0,0,0,0,0,0,13247.7925828882,0,0,0,0,3212.57350541879,0,0,23.0604718246375,0,0,0,0,0,12139.2722558265,0,0,0,0,0,48936.8174007092,0,0,0,0,0,0,0,0,0,0,0,0,2306838.97660672,0,0,0,0
70006,0,20.1779311376236,0,0,0,0,0,0,13080.3230124123,0,0,0,0,3165.91192478536,0,0,21.6955293516522,0,0,0,0,0,11985.9530637736,0,0,0,0,0,49214.3622069629,0,0,0,0,0,0,0,0,0,0,0,0,2279155.0716018,0,0,0,0
70036,0,18.9869561762247,0,0,0,0,0,0,12915.1914073974,0,0,0,0,3119.96001793455,0,0,20.4122768462627,0,0,0,0,0,11834.7615929698,0,0,0,0,0,49488.3869663631,0,0,0,0,0,0,0,0,0,0,0,0,2251826.21173671,0,0,0,0
70067,0,17.86675693095,0,0,0,0,0,0,12752.3569107735,0,0,0,0,3074.7027055197,0,0,19.2056844278639,0,0,0,0,0,11685.6608245506,0,0,0,0,0,49759.0019938436,0,0,0,0,0,0,0,0,0,0,0,0,2224847.12610054,0,0,0,0
70097,0,16.8130590849971,0,0,0,0,0,0,12591.7797174079,0,0,0,0,3030.12542507959,0,0,18.071056189549,0,0,0,0,0,11538.6147032267,0,0,0,0,0,50026.0601001877,0,0,0,0,0,0,0,0,0,0,0,0,2198212.64979464,0,0,0,0
70128,0,15.8218573490305,0,0,0,0,0,0,12433.4210342349,0,0,0,0,2986.21410487503,0,0,17.0040036201973,0,0,0,0,0,11393.5880997708,0,0,0,0,0,50289.5234883475,0,0,0,0,0,0,0,0,0,0,0,0,2171917.72068928,0,0,0,0
70159,0,14.8893966349517,0,0,0,0,0,0,12277.243042295,0,0,0,0,2942.95513955463,0,0,16.0004219240544,0,0,0,0,0,11250.5467753558,0,0,0,0,0,50549.6104487661,0,0,0,0,0,0,0,0,0,0,0,0,2145957.37632246,0,0,0,0
70188,0,14.0121548879926,0,0,0,0,0,0,12123.2088605803,0,0,0,0,2900.33536746141,0,0,15.0564688011546,0,0,0,0,0,11109.4573476419,0,0,0,0,0,50805.5192657554,0,0,0,0,0,0,0,0,0,0,0,0,2120326.75093248,0,0,0,0
70219,0,13.1868273728254,0,0,0,0,0,0,11971.2825115884,0,0,0,0,2858.34204941993,0,0,14.1685453318613,0,0,0,0,0,10970.2872585148,0,0,0,0,0,51058.9636022164,0,0,0,0,0,0,0,0,0,0,0,0,2095021.07261654,0,0,0,0
70249,0,12.410312242798,0,0,0,0,0,0,11821.4288884923,0,0,0,0,2816.96284886645,0,0,13.3332786728473,0,0,0,0,0,10833.0047433822,0,0,0,0,0,51309.0685712925,0,0,0,0,0,0,0,0,0,0,0,0,2070035.66060837,0,0,0,0
70280,0,11.6796972484801,0,0,0,0,0,0,11673.6137238409,0,0,0,0,2776.1858132032,0,0,12.5475063232583,0,0,0,0,0,10697.5788019447,0,0,0,0,0,51555.8381599084,0,0,0,0,0,0,0,0,0,0,0,0,2045365.92266839,0,0,0,0
70310,0,10.9922474637271,0,0,0,0,0,0,11527.8035597071,0,0,0,0,2735.99935627349,0,0,11.8082617611719,0,0,0,0,0,10563.9791703592,0,0,0,0,0,51799.1877038978,0,0,0,0,0,0,0,0,0,0,0,0,2021007.3525803,0,0,0,0
70341,0,12.8542149388157,0,0,0,0,0,0,12808.5660650437,0,0,0,0,3051.0446479661,0,0,14.3777757006913,0,0,0,0,0,11767.2057004451,0,0,0,0,0,49134.3511611872,0,0,0,0,0,0,0,0,0,0,0,0,2091640.01547331,0,0,0,0
70372,0,11.9784418387641,0,0,0,0,0,0,12642.8728271767,0,0,0,0,3005.29870398414,0,0,13.3909384501265,0,0,0,0,0,11614.9767406913,0,0,0,0,0,49438.0484218969,0,0,0,0,0,0,0,0,0,0,0,0,2065877.09192554,0,0,0,0
70402,0,11.1630538126174,0,0,0,0,0,0,12479.5179600879,0,0,0,0,2960.24825528801,0,0,12.478640678134,0,0,0,0,0,11464.8851663811,0,0,0,0,0,49737.6212217558,0,0,0,0,0,0,0,0,0,0,0,0,2040451.47905238,0,0,0,0
70433,0,10.403308037978,0,0,0,0,0,0,12318.4609764367,0,0,0,0,2915.8783573142,0,0,11.6286917813557,0,0,0,0,0,11316.8941309637,0,0,0,0,0,50033.1039024891,0,0,0,0,0,0,0,0,0,0,0,0,2015358.12994103,0,0,0,0
70463,0,9.69539051796025,0,0,0,0,0,0,12159.6624257399,0,0,0,0,2872.17497387378,0,0,10.8368065764777,0,0,0,0,0,11170.9677429724,0,0,0,0,0,50324.5948019863,0,0,0,0,0,0,0,0,0,0,0,0,1990592.0989228,0,0,0,0
70494,0,9.03575076869876,0,0,0,0,0,0,12003.0838534145,0,0,0,0,2829.12454843389,0,0,10.09899735175,0,0,0,0,0,11027.0710270876,0,0,0,0,0,50612.2184800953,0,0,0,0,0,0,0,0,0,0,0,0,1966148.5384303,0,0,0,0
70525,0,8.42108335830958,0,0,0,0,0,0,11848.687761946,0,0,0,0,2786.71397974786,0,0,9.41155285661756,0,0,0,0,0,10885.1698872908,0,0,0,0,0,50895.9284615998,0,0,0,0,0,0,0,0,0,0,0,0,1942022.69599545,0,0,0,0
70553,0,7.84831077007414,0,0,0,0,0,0,11696.4375740558,0,0,0,0,2744.93059898216,0,0,8.77101881880915,0,0,0,0,0,10745.2310719813,0,0,0,0,0,51174.8548422661,0,0,0,0,0,0,0,0,0,0,0,0,1918209.91138076,0,0,0,0
70584,0,7.31456749116257,0,0,0,0,0,0,11546.297597747,0,0,0,0,2703.76214823886,0,0,8.17417987267708,0,0,0,0,0,10607.2221409363,0,0,0,0,0,51451.2812937428,0,0,0,0,0,0,0,0,0,0,0,0,1894705.61383644,0,0,0,0
70614,0,6.81718523599958,0,0,0,0,0,0,11398.2329931205,0,0,0,0,2663.19676037944,0,0,7.61804279201436,0,0,0,0,0,10471.1114340001,0,0,0,0,0,51723.9362018457,0,0,0,0,0,0,0,0,0,0,0,0,1871505.31947652,0,0,0,0
70645,0,6.35367922049898,0,0,0,0,0,0,11252.2097408544,0,0,0,0,2623.22294006298,0,0,7.09982092918236,0,0,0,0,0,10336.8680414,0,0,0,0,0,51992.865587485,0,0,0,0,0,0,0,0,0,0,0,0,1848604.62876761,0,0,0,0
70675,0,5.92173540991428,0,0,0,0,0,0,11108.1946122533,0,0,0,0,2583.82954591774,0,0,6.61691977023353,0,0,0,0,0,10204.4617755896,0,0,0,0,0,52258.1235730849,0,0,0,0,0,0,0,0,0,0,0,0,1825999.22412412,0,0,0,0
70706,0,6.70216215671904,0,0,0,0,0,0,11995.5865956989,0,0,0,0,2786.36269163397,0,0,7.82321126545708,0,0,0,0,0,11030.1579274959,0,0,0,0,0,52555.6044549577,0,0,0,0,0,0,0,0,0,0,0,0,1866618.97144553,0,0,0,0
70737,0,6.17848104921846,0,0,0,0,0,0,11838.6673510104,0,0,0,0,2743.37123159085,0,0,7.21155737615686,0,0,0,0,0,10884.8634881145,0,0,0,0,0,52850.285276624,0,0,0,0,0,0,0,0,0,0,0,0,1843157.34494825,0,0,0,0
70767,0,5.6957812119599,0,0,0,0,0,0,11683.9589886119,0,0,0,0,2701.0246053076,0,0,6.64782573575581,0,0,0,0,0,10741.6175188418,0,0,0,0,0,53141.2810710851,0,0,0,0,0,0,0,0,0,0,0,0,1820007.01370787,0,0,0,0
70798,0,5.25084621136527,0,0,0,0,0,0,11531.4237167484,0,0,0,0,2659.30967479017,0,0,6.12824669997689,0,0,0,0,0,10600.3850433658,0,0,0,0,0,53428.7060549489,0,0,0,0,0,0,0,0,0,0,0,0,1797163.31733882,0,0,0,0
70828,0,4.84071345996355,0,0,0,0,0,0,11381.0247301459,0,0,0,0,2618.21377337589,0,0,5.64934938796889,0,0,0,0,0,10461.1320140454,0,0,0,0,0,53712.4076929074,0,0,0,0,0,0,0,0,0,0,0,0,1774621.68850726,0,0,0,0
70859,0,4.46265397362808,0,0,0,0,0,0,11232.7261669808,0,0,0,0,2577.72467880715,0,0,5.20793767156616,0,0,0,0,0,10323.8252694804,0,0,0,0,0,53992.350320709,0,0,0,0,0,0,0,0,0,0,0,0,1752377.64995303,0,0,0,0
70890,0,4.11415377396909,0,0,0,0,0,0,11086.4930684675,0,0,0,0,2537.83058821178,0,0,4.80106814319334,0,0,0,0,0,10188.4324948116,0,0,0,0,0,54268.7563792338,0,0,0,0,0,0,0,0,0,0,0,0,1730426.81165734,0,0,0,0
70918,0,3.79289679764898,0,0,0,0,0,0,10942.2913408733,0,0,0,0,2498.52009483947,0,0,4.42602989224275,0,0,0,0,0,10054.9221845393,0,0,0,0,0,54540.8209344318,0,0,0,0,0,0,0,0,0,0,0,0,1708764.86814703,0,0,0,0
70949,0,3.4967491866537,0,0,0,0,0,0,10800.0877197857,0,0,0,0,2459.78216641673,0,0,4.08032593539661,0,0,0,0,0,9923.26360766898,0,0,0,0,0,54810.253554359,0,0,0,0,0,0,0,0,0,0,0,0,1687387.5959269,0,0,0,0
70979,0,3.2237448446403,0,0,0,0,0,0,10659.8497364695,0,0,0,0,2421.60612499457,0,0,3.76165616043586,0,0,0,0,0,9793.42677500711,0,0,0,0,0,55076.1859510467,0,0,0,0,0,0,0,0,0,0,0,0,1666290.85103229,0,0,0,0
71010,0,2.97207215451436,0,0,0,0,0,0,10521.5456861687,0,0,0,0,2383.98162817384,0,0,3.46790165574764,0,0,0,0,0,9665.38240844792,0,0,0,0,0,55338.6208943539,0,0,0,0,0,0,0,0,0,0,0,0,1645470.56669459,0,0,0,0
71040,0,2.74006176148077,0,0,0,0,0,0,10385.1445982139,0,0,0,0,2346.89865160287,0,0,3.19711030916823,0,0,0,0,0,9539.10191210382,0,0,0,0,0,55597.4680890803,0,0,0,0,0,0,0,0,0,0,0,0,1624922.75111296,0,0,0,0
71071,0,3.0662103327927,0,0,0,0,0,0,11295.8071213523,0,0,0,0,2559.12753973168,0,0,3.78218512397673,0,0,0,0,0,10397.0931624483,0,0,0,0,0,52235.3519698899,0,0,0,0,0,0,0,0,0,0,0,0,1656719.4101403,0,0,0,0
71102,0,2.78796667491022,0,0,0,0,0,0,11144.5431408262,0,0,0,0,2517.94810497775,0,0,3.43883380746119,0,0,0,0,0,10256.8140938852,0,0,0,0,0,52526.1278305028,0,0,0,0,0,0,0,0,0,0,0,0,1635357.04173997,0,0,0,0
71132,0,2.5349925112663,0,0,0,0,0,0,10995.4392547072,0,0,0,0,2477.38661100578,0,0,3.126690919899,0,0,0,0,0,10118.5421610316,0,0,0,0,0,52812.9147235151,0,0,0,0,0,0,0,0,0,0,0,0,1614284.30581113,0,0,0,0
71163,0,2.30498906436296,0,0,0,0,0,0,10848.458756102,0,0,0,0,2437.43090170969,0,0,2.84291246670795,0,0,0,0,0,9982.24319950809,0,0,0,0,0,53095.7891950377,0,0,0,0,0,0,0,0,0,0,0,0,1593496.8240132,0,0,0,0
71193,0,2.09586741170345,0,0,0,0,0,0,10703.5658979859,0,0,0,0,2398.06925502314,0,0,2.58491502183314,0,0,0,0,0,9847.88396408379,0,0,0,0,0,53374.75533622,0,0,0,0,0,0,0,0,0,0,0,0,1572990.30489538,0,0,0,0
71224,0,1.90572918862314,0,0,0,0,0,0,10560.7258478515,0,0,0,0,2359.29035580503,0,0,2.35035158904235,0,0,0,0,0,9715.43208095473,0,0,0,0,0,53649.8451023102,0,0,0,0,0,0,0,0,0,0,0,0,1552760.5410815,0,0,0,0
71255,0,1.73284909201748,0,0,0,0,0,0,10419.9046456933,0,0,0,0,2321.08327097006,0,0,2.13708974945722,0,0,0,0,0,9584.85600509347,0,0,0,0,0,53921.2258423309,0,0,0,0,0,0,0,0,0,0,0,0,1532803.40660276,0,0,0,0
71283,0,1.57565901192943,0,0,0,0,0,0,10281.0691648749,0,0,0,0,2283.43742660434,0,0,1.94319186944166,0,0,0,0,0,9456.12498069395,0,0,0,0,0,54188.3055494332,0,0,0,0,0,0,0,0,0,0,0,0,1513114.85436782,0,0,0,0
71314,0,1.43273363550587,0,0,0,0,0,0,10144.187075639,0,0,0,0,2246.34258688882,0,0,1.76689716699128,0,0,0,0,0,9329.20900449167,0,0,0,0,0,54452.584953524,0,0,0,0,0,0,0,0,0,0,0,0,1493690.91376092,0,0,0,0
71344,0,1.30277738343426,0,0,0,0,0,0,10009.2268110416,0,0,0,0,2209.78883466899,0,0,1.60660545593677,0,0,0,0,0,9204.07879169939,0,0,0,0,0,54713.2059343827,0,0,0,0,0,0,0,0,0,0,0,0,1474527.68835911,0,0,0,0
71375,0,1.18461255287155,0,0,0,0,0,0,9876.15753510769,0,0,0,0,2173.76655352484,0,0,1.4608624059774,0,0,0,0,0,9080.70574432755,0,0,0,0,0,54970.2310653142,0,0,0,0,0,0,0,0,0,0,0,0,1455621.35376049,0,0,0,0
71405,0,1.07716855328578,0,0,0,0,0,0,9744.9491130286,0,0,0,0,2138.26641120938,0,0,1.32834617312592,0,0,0,0,0,8959.06192168214,0,0,0,0,0,55223.7575622475,0,0,0,0,0,0,0,0,0,0,0,0,1436968.15551631,0,0,0,0
71436,0,1.15895733089241,0,0,0,0,0,0,8698.77708549764,0,0,0,0,1817.26186184069,0,0,1.51530882294311,0,0,0,0,0,8019.68694629446,0,0,0,0,0,47484.0535235817,0,0,0,0,0,0,0,0,0,0,0,0,1270130.635466,0,0,0,0
71467,0,1.03811343341294,0,0,0,0,0,0,8582.76714998802,0,0,0,0,1785.87214474272,0,0,1.35725075752783,0,0,0,0,0,7912.58335221653,0,0,0,0,0,47770.4535655163,0,0,0,0,0,0,0,0,0,0,0,0,1253663.33432702,0,0,0,0
71497,0,0.929876024300513,0,0,0,0,0,0,8468.39930889455,0,0,0,0,1754.94830209646,0,0,1.21569831151328,0,0,0,0,0,7806.98637917226,0,0,0,0,0,48053.0164716595,0,0,0,0,0,0,0,0,0,0,0,0,1237420.2656907,0,0,0,0
71528,0,0.832928178759415,0,0,0,0,0,0,8355.64585709073,0,0,0,0,1724.48138800595,0,0,1.08892226383484,0,0,0,0,0,7702.87082568024,0,0,0,0,0,48331.7801163711,0,0,0,0,0,0,0,0,0,0,0,0,1221398.01847424,0,0,0,0
71558,0,0.746091075443676,0,0,0,0,0,0,8244.47981888609,0,0,0,0,1694.46277503227,0,0,0.975376194640751,0,0,0,0,0,7600.21216345522,0,0,0,0,0,48606.8251525431,0,0,0,0,0,0,0,0,0,0,0,0,1205593.2505058,0,0,0,0
71589,0,0.668309357596976,0,0,0,0,0,0,8134.87491415394,0,0,0,0,1664.88413371515,0,0,0.873676681288626,0,0,0,0,0,7498.98650464347,0,0,0,0,0,48878.2685266169,0,0,0,0,0,0,0,0,0,0,0,0,1190002.68623814,0,0,0,0
71620,0,0.598638091577219,0,0,0,0,0,0,8026.80552663296,0,0,0,0,1635.73741382626,0,0,0.782585778932404,0,0,0,0,0,7399.17057126178,0,0,0,0,0,49146.0795048236,0,0,0,0,0,0,0,0,0,0,0,0,1174623.11458296,0,0,0,0
71649,0,0.536231135246275,0,0,0,0,0,0,7920.24667424382,0,0,0,0,1607.01482718398,0,0,0.700995482777883,0,0,0,0,0,7300.74166667285,0,0,0,0,0,49409.5301665659,0,0,0,0,0,0,0,0,0,0,0,0,1159451.38685751,0,0,0,0
71680,0,0.480330754431887,0,0,0,0,0,0,7815.17398127506,0,0,0,0,1578.70883187932,0,0,0.627913919715933,0,0,0,0,0,7203.67764894318,0,0,0,0,0,49670.5217473907,0,0,0,0,0,0,0,0,0,0,0,0,1144484.41483584,0,0,0,0
71710,0,0.43025834689574,0,0,0,0,0,0,7711.56365230367,0,0,0,0,1550.81211777976,0,0,0.562453056790556,0,0,0,0,0,7107.95690594234,0,0,0,0,0,49928.0022494291,0,0,0,0,0,0,0,0,0,0,0,0,1129719.16889743,0,0,0,0
71741,0,0.385406150972948,0,0,0,0,0,0,7609.39244772593,0,0,0,0,1523.31759319255,0,0,0.503817745607481,0,0,0,0,0,7013.55833205396,0,0,0,0,0,50182.0124323986,0,0,0,0,0,0,0,0,0,0,0,0,1115152.6762669,0,0,0,0
71771,0,0.34522983102562,0,0,0,0,0,0,7508.63766078414,0,0,0,0,1496.2183725813,0,0,0.451295947345891,0,0,0,0,0,6920.46130637904,0,0,0,0,0,50432.5974181214,0,0,0,0,0,0,0,0,0,0,0,0,1100782.01933865,0,0,0,0
71802,0,0.370353937279533,0,0,0,0,0,0,6820.55159226033,0,0,0,0,1261.35324380651,0,0,0.527211277273928,0,0,0,0,0,6277.75153993204,0,0,0,0,0,50648.0974640361,0,0,0,0,0,0,0,0,0,0,0,0,952950.444203512,0,0,0,0
71833,0,0.324614103056665,0,0,0,0,0,0,6728.1554576897,0,0,0,0,1236.48878697446,0,0,0.462074684019103,0,0,0,0,0,6192.52266689335,0,0,0,0,0,50864.1545759768,0,0,0,0,0,0,0,0,0,0,0,0,940423.437035796,0,0,0,0
71863,0,0.28452534763377,0,0,0,0,0,0,6637.09069689383,0,0,0,0,1212.00003966082,0,0,0.405010006852197,0,0,0,0,0,6108.51398370051,0,0,0,0,0,51077.8870178237,0,0,0,0,0,0,0,0,0,0,0,0,928070.456545658,0,0,0,0
71894,0,0.249387419350619,0,0,0,0,0,0,6547.33405868639,0,0,0,0,1187.87970371483,0,0,0.354992626351361,0,0,0,0,0,6025.70427515083,0,0,0,0,0,51289.4366510496,0,0,0,0,0,0,0,0,0,0,0,0,915888.76931576,0,0,0,0
71924,0,0.218588907623146,0,0,0,0,0,0,6458.86297402202,0,0,0,0,1164.12075607854,0,0,0.311152224961756,0,0,0,0,0,5944.07297221409,0,0,0,0,0,51498.3332531446,0,0,0,0,0,0,0,0,0,0,0,0,903875.700563661,0,0,0,0
71955,0,0.191593909028361,0,0,0,0,0,0,6371.65551794969,0,0,0,0,1140.71642765386,0,0,0.272725966434091,0,0,0,0,0,5863.60011337591,0,0,0,0,0,51703.8447789407,0,0,0,0,0,0,0,0,0,0,0,0,892028.632011658,0,0,0,0
71986,0,0.167932702422641,0,0,0,0,0,0,6285.69037450235,0,0,0,0,1117.66018566463,0,0,0.239045222243071,0,0,0,0,0,5784.26630911722,0,0,0,0,0,51906.7862202187,0,0,0,0,0,0,0,0,0,0,0,0,880344.999880909,0,0,0,0
72014,0,0.147193575651701,0,0,0,0,0,0,6200.94680427069,0,0,0,0,1094.94571764572,0,0,0.209523937248743,0,0,0,0,0,5706.05270925203,0,0,0,0,0,52107.2190605807,0,0,0,0,0,0,0,0,0,0,0,0,868822.29300028,0,0,0,0
72045,0,0.129015661634538,0,0,0,0,0,0,6117.40461443121,0,0,0,0,1072.56691689278,0,0,0.183648432159734,0,0,0,0,0,5628.94097287131,0,0,0,0,0,52304.8558737452,0,0,0,0,0,0,0,0,0,0,0,0,857458.051021274,0,0,0,0
72075,0,0.113082659167029,0,0,0,0,0,0,6035.04413101947,0,0,0,0,1050.51786922444,0,0,0.160968465358154,0,0,0,0,0,5552.91324066387,0,0,0,0,0,52499.9012667752,0,0,0,0,0,0,0,0,0,0,0,0,846249.862731122,0,0,0,0
72106,0,0.0991173291852748,0,0,0,0,0,0,5953.84617325824,0,0,0,0,1028.79284092446,0,0,0.141089398559213,0,0,0,0,0,5477.95210940584,0,0,0,0,0,52692.3589371265,0,0,0,0,0,0,0,0,0,0,0,0,835195.364456822,0,0,0,0
72136,0,0.0868766707219996,0,0,0,0,0,0,5873.79202976708,0,0,0,0,1007.38626774567,0,0,0.123665329985654,0,0,0,0,0,5404.04060842957,0,0,0,0,0,52882.1314541577,0,0,0,0,0,0,0,0,0,0,0,0,824292.238553538,0,0,0,0
72167,0,0.0907164428311825,0,0,0,0,0,0,4576.63864240587,0,0,0,0,659.69649239975,0,0,0.14500849256247,0,0,0,0,0,4200.92017876323,0,0,0,0,0,25989.3028792354,0,0,0,0,0,0,0,0,0,0,0,0,606071.965026549,0,0,0,0
72198,0,0.0771298842521553,0,0,0,0,0,0,4511.70340556571,0,0,0,0,642.310983561544,0,0,0.123290639468045,0,0,0,0,0,4141.06520164366,0,0,0,0,0,26133.8212615756,0,0,0,0,0,0,0,0,0,0,0,0,597826.659293558,0,0,0,0
72228,0,0.0655781781018642,0,0,0,0,0,0,4447.75545942932,0,0,0,0,625.20396409171,0,0,0.104825458921939,0,0,0,0,0,4082.11402844816,0,0,0,0,0,26276.5303301793,0,0,0,0,0,0,0,0,0,0,0,0,589701.6691735,0,0,0,0
72259,0,0.0557565654980177,0,0,0,0,0,0,4384.77645673718,0,0,0,0,608.369801776299,0,0,0.0891257997006581,0,0,0,0,0,4024.04987244288,0,0,0,0,0,26417.4122470778,0,0,0,0,0,0,0,0,0,0,0,0,581694.975582656,0,0,0,0
72289,0,0.0474059311514536,0,0,0,0,0,0,4322.74864535798,0,0,0,0,591.803085694524,0,0,0.0757774709881988,0,0,0,0,0,3966.85652776243,0,0,0,0,0,26556.4657707665,0,0,0,0,0,0,0,0,0,0,0,0,573804.60644001,0,0,0,0
72320,0,0.0403059673468635,0,0,0,0,0,0,4261.65482946463,0,0,0,0,575.498608847273,0,0,0.0644283151304494,0,0,0,0,0,3910.51832756064,0,0,0,0,0,26693.6582680808,0,0,0,0,0,0,0,0,0,0,0,0,566028.63481626,0,0,0,0
72351,0,0.0342693617508791,0,0,0,0,0,0,4201.47833427195,0,0,0,0,559.45135262888,0,0,0.0547789169579828,0,0,0,0,0,3855.02010623914,0,0,0,0,0,26829.0686891289,0,0,0,0,0,0,0,0,0,0,0,0,558365.177200752,0,0,0,0
72379,0,0.0291368557093817,0,0,0,0,0,0,4142.20297397234,0,0,0,0,543.656472923976,0,0,0.0465747045691624,0,0,0,0,0,3800.34716532346,0,0,0,0,0,26962.5955541102,0,0,0,0,0,0,0,0,0,0,0,0,550812.391876196,0,0,0,0
72410,0,0.024773042661279,0,0,0,0,0,0,4083.81302254438,0,0,0,0,528.109287638605,0,0,0.0395992331752124,0,0,0,0,0,3746.48524260301,0,0,0,0,0,27094.5748872658,0,0,0,0,0,0,0,0,0,0,0,0,543368.477392058,0,0,0,0
72440,0,0.0210627958218547,0,0,0,0,0,0,4026.29318714407,0,0,0,0,512.805265498566,0,0,0.0336684748206239,0,0,0,0,0,3693.42048419316,0,0,0,0,0,27224.8149203727,0,0,0,0,0,0,0,0,0,0,0,0,536031.671128432,0,0,0,0
72471,0,0.017908230890288,0,0,0,0,0,0,3969.62858381896,0,0,0,0,497.740015968653,0,0,0.0286259633294252,0,0,0,0,0,3641.13941921481,0,0,0,0,0,27353.3494441023,0,0,0,0,0,0,0,0,0,0,0,0,528800.247943052,0,0,0,0
72501,0,0.0152261236510257,0,0,0,0,0,0,3913.80471531308,0,0,0,0,482.909280164504,0,0,0.024338666390544,0,0,0,0,0,3589.62893681951,0,0,0,0,0,27480.2223247495,0,0,0,0,0,0,0,0,0,0,0,0,521672.518894773,0,0,0,0
72532,0,0.0153407571692337,0,0,0,0,0,0,2430.30177318333,0,0,0,0,661.408718688653,0,0,0.029258683701346,0,0,0,0,0,2273.96344107315,0,0,0,0,0,9219.75279831522,0,0,0,0,0,0,0,0,0,0,0,0,320076.683632259,0,0,0,0
72563,0,0.0124155465190854,0,0,0,0,0,0,2395.59712092772,0,0,0,0,651.734404314879,0,0,0.0236795709999113,0,0,0,0,0,2241.40192131766,0,0,0,0,0,9259.78333665402,0,0,0,0,0,0,0,0,0,0,0,0,315676.79792268,0,0,0,0
72593,0,0.0100481217235299,0,0,0,0,0,0,2361.4050674944,0,0,0,0,642.203765516943,0,0,0.0191642962637463,0,0,0,0,0,2209.32368187545,0,0,0,0,0,9299.34605079766,0,0,0,0,0,0,0,0,0,0,0,0,311338.885415378,0,0,0,0
72624,0,0.00813212290056407,0,0,0,0,0,0,2327.71723330946,0,0,0,0,632.814352345306,0,0,0.0155100044374122,0,0,0,0,0,2177.72067960403,0,0,0,0,0,9338.44422053423,0,0,0,0,0,0,0,0,0,0,0,0,307062.032910764,0,0,0,0
72654,0,0.00658147111365275,0,0,0,0,0,0,2294.52543449858,0,0,0,0,623.563786659403,0,0,0.0125525213312226,0,0,0,0,0,2146.58507031112,0,0,0,0,0,9377.03350516047,0,0,0,0,0,0,0,0,0,0,0,0,302845.342780422,0,0,0,0
72685,0,0.00532650115467895,0,0,0,0,0,0,2261.8216738198,0,0,0,0,614.449756773338,0,0,0.0101589778653273,0,0,0,0,0,2115.90919886598,0,0,0,0,0,9414.94657782516,0,0,0,0,0,0,0,0,0,0,0,0,298687.932536391,0,0,0,0
72716,0,0.00431083173668292,0,0,0,0,0,0,2229.59813227281,0,0,0,0,605.47001278701,0,0,0.00822184073979643,0,0,0,0,0,2085.68559007175,0,0,0,0,0,9452.31831361,0,0,0,0,0,0,0,0,0,0,0,0,294588.934427231,0,0,0,0
72744,0,0.00348883248540528,0,0,0,0,0,0,2197.84716132646,0,0,0,0,596.622362495417,0,0,0.00665408135018105,0,0,0,0,0,2055.90694023256,0,0,0,0,0,9489.20698209232,0,0,0,0,0,0,0,0,0,0,0,0,290547.495058013,0,0,0,0
72775,0,0.00282357393067381,0,0,0,0,0,0,2166.56127571135,0,0,0,0,587.904667787316,0,0,0.00538526590529939,0,0,0,0,0,2026.56610935495,0,0,0,0,0,9525.59431713293,0,0,0,0,0,0,0,0,0,0,0,0,286562.77503177,0,0,0,0
72805,0,0.00228516839811947,0,0,0,0,0,0,2135.73314672906,0,0,0,0,579.314841459584,0,0,0.00435839109030295,0,0,0,0,0,1997.65611392872,0,0,0,0,0,9561.46435462124,0,0,0,0,0,0,0,0,0,0,0,0,282633.948610273,0,0,0,0
72836,0,0.00184942726345322,0,0,0,0,0,0,2105.35559603395,0,0,0,0,570.850844386007,0,0,0.0035273231127435,0,0,0,0,0,1969.1701202371,0,0,0,0,0,9596.83202207113,0,0,0,0,0,0,0,0,0,0,0,0,278760.203392269,0,0,0,0
72866,0,0.00149677424456717,0,0,0,0,0,0,2075.42158984744,0,0,0,0,562.510682989404,0,0,0.0028547250771912,0,0,0,0,0,1941.10143815072,0,0,0,0,0,9631.72469848805,0,0,0,0,0,0,0,0,0,0,0,0,274940.740007567,0,0,0,0
72897,0,0.00132016543300281,0,0,0,0,0,0,2205.08552450383,0,0,0,0,613.117892230305,0,0,0.00407083558464025,0,0,0,0,0,2074.15807655639,0,0,0,0,0,2091.48319172152,0,0,0,0,0,0,0,0,0,0,0,0,271864.293760478,0,0,0,0
72928,0,0.000931817775817493,0,0,0,0,0,0,2172.40057217635,0,0,0,0,603.987591675472,0,0,0.0028733345574502,0,0,0,0,0,2043.3257492616,0,0,0,0,0,2103.7445978479,0,0,0,0,0,0,0,0,0,0,0,0,267993.61750467,0,0,0,0
72958,0,0.000657708758026246,0,0,0,0,0,0,2140.21540410096,0,0,0,0,594.996989404689,0,0,0.00202809750169931,0,0,0,0,0,2012.96764454714,0,0,0,0,0,2115.85223815726,0,0,0,0,0,0,0,0,0,0,0,0,264179.297845981,0,0,0,0
72989,0,0.000464233267072975,0,0,0,0,0,0,2108.52164673277,0,0,0,0,586.143694719818,0,0,0.00143150036800763,0,0,0,0,0,1983.07561837979,0,0,0,0,0,2127.80771982649,0,0,0,0,0,0,0,0,0,0,0,0,260420.48483588,0,0,0,0
73019,0,0.000327671668694197,0,0,0,0,0,0,2077.31112976218,0,0,0,0,577.42538419496,0,0,0.00101040176909097,0,0,0,0,0,1953.64174289462,0,0,0,0,0,2139.61275736357,0,0,0,0,0,0,0,0,0,0,0,0,256716.342871253,0,0,0,0
73050,0,0.000231281836266942,0,0,0,0,0,0,2046.57587516652,0,0,0,0,568.83979630869,0,0,0.000713176019928713,0,0,0,0,0,1924.65829344759,0,0,0,0,0,2151.27000497056,0,0,0,0,0,0,0,0,0,0,0,0,253066.050306289,0,0,0,0
73081,0,0.000163246605970473,0,0,0,0,0,0,2016.30808727262,0,0,0,0,560.384726946878,0,0,0.000503383951770938,0,0,0,0,0,1896.11773690777,0,0,0,0,0,2162.78022935969,0,0,0,0,0,0,0,0,0,0,0,0,249468.799092457,0,0,0,0
73109,0,0.000115225020654541,0,0,0,0,0,0,1986.50014372324,0,0,0,0,552.058025583159,0,0,0.00035530555686078,0,0,0,0,0,1868.01272105672,0,0,0,0,0,2174.11530433042,0,0,0,0,0,0,0,0,0,0,0,0,245923.794442473,0,0,0,0
73140,0,8.13297483639015e-05,0,0,0,0,0,0,1957.14458725175,0,0,0,0,543.857591994242,0,0,0.000250786776757624,0,0,0,0,0,1840.33606497704,0,0,0,0,0,2185.34844766255,0,0,0,0,0,0,0,0,0,0,0,0,242430.254515016,0,0,0,0
73170,0,5.74053094663067e-05,0,0,0,0,0,0,1928.23411817984,0,0,0,0,535.781373403321,0,0,0.000177013858021709,0,0,0,0,0,1813.08075032476,0,0,0,0,0,2196.43871003102,0,0,0,0,0,0,0,0,0,0,0,0,238987.410117543,0,0,0,0
73201,0,4.05186247494294e-05,0,0,0,0,0,0,1899.76158756228,0,0,0,0,527.82736197095,0,0,0.000124942416569327,0,0,0,0,0,1786.2399133919,0,0,0,0,0,2207.38755598017,0,0,0,0,0,0,0,0,0,0,0,0,235594.504425066,0,0,0,0
73231,0,2.85994268970657e-05,0,0,0,0,0,0,1871.71999091114,0,0,0,0,519.993592571778,0,0,8.81886177310968e-05,0,0,0,0,0,1759.80683787556,0,0,0,0,0,2218.19632377294,0,0,0,0,0,0,0,0,0,0,0,0,232250.792713105,0,0,0,0
73262,0,2.12799820631192e-05,0,0,0,0,0,0,1640.62357289294,0,0,0,0,438.432425257082,0,0,0.00025010562302231,0,0,0,0,0,1558.19748315969,0,0,0,0,0,2230.08648514613,0,0,0,0,0,0,0,0,0,0,0,0,183876.850809157,0,0,0,0
73293,0,0,0,0,0,0,0,0,1614.63011861837,0,0,0,0,431.417540432708,0,0,0,0,0,0,0,0,1533.45175354847,0,0,0,0,0,2241.8648337209,0,0,0,0,0,0,0,0,0,0,0,0,181106.015308017,0,0,0,0
73323,0,0,0,0,0,0,0,0,1589.05883479777,0,0,0,0,424.516731347904,0,0,0,0,0,0,0,0,1509.10904523953,0,0,0,0,0,2253.50210578643,0,0,0,0,0,0,0,0,0,0,0,0,178378.083991708,0,0,0,0
73354,0,0,0,0,0,0,0,0,1563.90262299719,0,0,0,0,417.728059974727,0,0,0,0,0,0,0,0,1485.16252237079,0,0,0,0,0,2264.99960341799,0,0,0,0,0,0,0,0,0,0,0,0,175692.3726388,0,0,0,0
73384,0,0,0,0,0,0,0,0,1539.15451869201,0,0,0,0,411.049638754821,0,0,0,0,0,0,0,0,1461.60548544361,0,0,0,0,0,2276.35452605671,0,0,0,0,0,0,0,0,0,0,0,0,173048.208451329,0,0,0,0
73415,0,0,0,0,0,0,0,0,1514.8076869755,0,0,0,0,404.479616015416,0,0,0,0,0,0,0,0,1438.43136593227,0,0,0,0,0,2287.55392273474,0,0,0,0,0,0,0,0,0,0,0,0,170444.929833387,0,0,0,0
73446,0,0,0,0,0,0,0,0,1490.85541863947,0,0,0,0,398.01617478637,0,0,0,0,0,0,0,0,1415.63372145036,0,0,0,0,0,2298.61015315665,0,0,0,0,0,0,0,0,0,0,0,0,167881.886177496,0,0,0,0
73474,0,0,0,0,0,0,0,0,1467.29112657487,0,0,0,0,391.657531722125,0,0,0,0,0,0,0,0,1393.20623139264,0,0,0,0,0,2309.5101538896,0,0,0,0,0,0,0,0,0,0,0,0,165358.43765804,0,0,0,0
73505,0,0,0,0,0,0,0,0,1444.1083424482,0,0,0,0,385.401936113828,0,0,0,0,0,0,0,0,1371.14269298335,0,0,0,0,0,2320.29975457558,0,0,0,0,0,0,0,0,0,0,0,0,162873.955031158,0,0,0,0
73535,0,0,0,0,0,0,0,0,1421.30071361651,0,0,0,0,379.247668979159,0,0,0,0,0,0,0,0,1349.43701767315,0,0,0,0,0,2330.95098258697,0,0,0,0,0,0,0,0,0,0,0,0,160427.819440551,0,0,0,0
73566,0,0,0,0,0,0,0,0,1398.86200024914,0,0,0,0,373.193042219293,0,0,0,0,0,0,0,0,1328.08322783522,0,0,0,0,0,2341.46609567754,0,0,0,0,0,0,0,0,0,0,0,0,158019.422228766,0,0,0,0
73596,0,0,0,0,0,0,0,0,1376.78607262953,0,0,0,0,367.236397834023,0,0,0,0,0,0,0,0,1307.07545371917,0,0,0,0,0,2351.84835691264,0,0,0,0,0,0,0,0,0,0,0,0,155648.164753556,0,0,0,0
73627,0,0,0,0,0,0,0,0,745.763795494558,0,0,0,0,201.357457050005,0,0,0,0,0,0,0,0,701.82796586677,0,0,0,0,0,0,0,0,0,0,0,0,0,0,0,0,0,0,99796.5081478487,0,0,0,0
73658,0,0,0,0,0,0,0,0,734.88795425582,0,0,0,0,198.42086423454,0,0,0,0,0,0,0,0,691.566003755899,0,0,0,0,0,0,0,0,0,0,0,0,0,0,0,0,0,0,98398.1502021489,0,0,0,0
73688,0,0,0,0,0,0,0,0,724.176016410563,0,0,0,0,195.528538447507,0,0,0,0,0,0,0,0,681.459318176116,0,0,0,0,0,0,0,0,0,0,0,0,0,0,0,0,0,0,97019.8046364177,0,0,0,0
73719,0,0,0,0,0,0,0,0,713.625385292637,0,0,0,0,192.679776849867,0,0,0,0,0,0,0,0,671.505424957446,0,0,0,0,0,0,0,0,0,0,0,0,0,0,0,0,0,0,95661.176758587,0,0,0,0
73749,0,0,0,0,0,0,0,0,703.233510753506,0,0,0,0,189.873889416715,0,0,0,0,0,0,0,0,661.701886615106,0,0,0,0,0,0,0,0,0,0,0,0,0,0,0,0,0,0,94321.9764169574,0,0,0,0
73780,0,0,0,0,0,0,0,0,692.997887804092,0,0,0,0,187.110198531456,0,0,0,0,0,0,0,0,652.046310701841,0,0,0,0,0,0,0,0,0,0,0,0,0,0,0,0,0,0,93001.9179210217,0,0,0,0
73811,0,0,0,0,0,0,0,0,682.916055365952,0,0,0,0,184.388038615658,0,0,0,0,0,0,0,0,642.53634831976,0,0,0,0,0,0,0,0,0,0,0,0,0,0,0,0,0,0,91700.7199646255,0,0,0,0
73839,0,0,0,0,0,0,0,0,672.985595116373,0,0,0,0,181.706755789444,0,0,0,0,0,0,0,0,633.169692768195,0,0,0,0,0,0,0,0,0,0,0,0,0,0,0,0,0,0,90418.1055512682,0,0,0,0
73870,0,0,0,0,0,0,0,0,663.204130414435,0,0,0,0,179.065707558104,0,0,0,0,0,0,0,0,623.944078307796,0,0,0,0,0,0,0,0,0,0,0,0,0,0,0,0,0,0,89153.8019213763,0,0,0,0
73900,0,0,0,0,0,0,0,0,653.5693252971,0,0,0,0,176.46426252127,0,0,0,0,0,0,0,0,614.857279024218,0,0,0,0,0,0,0,0,0,0,0,0,0,0,0,0,0,0,87907.5404814026,0,0,0,0
73931,0,0,0,0,0,0,0,0,644.078883536094,0,0,0,0,173.901800101601,0,0,0,0,0,0,0,0,605.907107777391,0,0,0,0,0,0,0,0,0,0,0,0,0,0,0,0,0,0,86679.0567346274,0,0,0,0
73961,0,0,0,0,0,0,0,0,634.730547747792,0,0,0,0,171.377710290362,0,0,0,0,0,0,0,0,597.091415224541,0,0,0,0,0,0,0,0,0,0,0,0,0,0,0,0,0,0,85468.0902135516,0,0,0,0
73992,0,0,0,0,0,0,0,0,477.159220622244,0,0,0,0,128.83342789357,0,0,0,0,0,0,0,0,448.121003245912,0,0,0,0,0,0,0,0,0,0,0,0,0,0,0,0,0,0,65193.2160322433,0,0,0,0
74023,0,0,0,0,0,0,0,0,470.369537796245,0,0,0,0,127.000181477484,0,0,0,0,0,0,0,0,441.734739238885,0,0,0,0,0,0,0,0,0,0,0,0,0,0,0,0,0,0,64289.7005345554,0,0,0,0
74053,0,0,0,0,0,0,0,0,463.678500099657,0,0,0,0,125.193571673759,0,0,0,0,0,0,0,0,435.441441672986,0,0,0,0,0,0,0,0,0,0,0,0,0,0,0,0,0,0,63398.8800449399,0,0,0,0
74084,0,0,0,0,0,0,0,0,457.084635612087,0,0,0,0,123.413200867026,0,0,0,0,0,0,0,0,429.239719545763,0,0,0,0,0,0,0,0,0,0,0,0,0,0,0,0,0,0,62520.5729707375,0,0,0,0
74114,0,0,0,0,0,0,0,0,450.586495239076,0,0,0,0,121.658677622847,0,0,0,0,0,0,0,0,423.128203559651,0,0,0,0,0,0,0,0,0,0,0,0,0,0,0,0,0,0,61654.6003793575,0,0,0,0
74145,0,0,0,0,0,0,0,0,444.182652324353,0,0,0,0,119.929616581116,0,0,0,0,0,0,0,0,417.105545741783,0,0,0,0,0,0,0,0,0,0,0,0,0,0,0,0,0,0,60800.7859578515,0,0,0,0
74176,0,0,0,0,0,0,0,0,437.871702271664,0,0,0,0,118.225638352279,0,0,0,0,0,0,0,0,411.170419074677,0,0,0,0,0,0,0,0,0,0,0,0,0,0,0,0,0,0,59958.955973162,0,0,0,0
74204,0,0,0,0,0,0,0,0,431.652262175563,0,0,0,0,116.546369416183,0,0,0,0,0,0,0,0,405.321517136942,0,0,0,0,0,0,0,0,0,0,0,0,0,0,0,0,0,0,59128.9392330302,0,0,0,0
74235,0,0,0,0,0,0,0,0,425.522970460636,0,0,0,0,114.891442023374,0,0,0,0,0,0,0,0,399.557553753271,0,0,0,0,0,0,0,0,0,0,0,0,0,0,0,0,0,0,58310.567047548,0,0,0,0
74265,0,0,0,0,0,0,0,0,419.48248652868,0,0,0,0,113.260494098699,0,0,0,0,0,0,0,0,393.877262653069,0,0,0,0,0,0,0,0,0,0,0,0,0,0,0,0,0,0,57503.6731913371,0,0,0,0
74296,0,0,0,0,0,0,0,0,413.529490413431,0,0,0,0,111.653169147075,0,0,0,0,0,0,0,0,388.279397137177,0,0,0,0,0,0,0,0,0,0,0,0,0,0,0,0,0,0,56708.0938663435,0,0,0,0
74326,0,0,0,0,0,0,0,0,407.662682442475,0,0,0,0,110.06911616131,0,0,0,0,0,0,0,0,382.762729752189,0,0,0,0,0,0,0,0,0,0,0,0,0,0,0,0,0,0,55923.6676652333,0,0,0,0
74357,0,0,0,0,0,0,0,0,413.495309978348,0,0,0,0,111.643937656869,0,0,0,0,0,0,0,0,388.261698559087,0,0,0,0,0,0,0,0,0,0,0,0,0,0,0,0,0,0,55252.9063259842,0,0,0,0
74388,0,0,0,0,0,0,0,0,407.643868449122,0,0,0,0,110.064032617697,0,0,0,0,0,0,0,0,382.764184786527,0,0,0,0,0,0,0,0,0,0,0,0,0,0,0,0,0,0,54478.8184351698,0,0,0,0
74418,0,0,0,0,0,0,0,0,401.875884086702,0,0,0,0,108.506662241587,0,0,0,0,0,0,0,0,377.345139120266,0,0,0,0,0,0,0,0,0,0,0,0,0,0,0,0,0,0,53715.6337240171,0,0,0,0
74449,0,0,0,0,0,0,0,0,396.190153703675,0,0,0,0,106.971501572649,0,0,0,0,0,0,0,0,372.003429054912,0,0,0,0,0,0,0,0,0,0,0,0,0,0,0,0,0,0,52963.1975550532,0,0,0,0
74479,0,0,0,0,0,0,0,0,390.585491763691,0,0,0,0,105.458230428177,0,0,0,0,0,0,0,0,366.737938734897,0,0,0,0,0,0,0,0,0,0,0,0,0,0,0,0,0,0,52221.3575052491,0,0,0,0
74510,0,0,0,0,0,0,0,0,385.060730112071,0,0,0,0,103.966533325333,0,0,0,0,0,0,0,0,361.547568698756,0,0,0,0,0,0,0,0,0,0,0,0,0,0,0,0,0,0,51489.9633337812,0,0,0,0
74541,0,0,0,0,0,0,0,0,379.614717711065,0,0,0,0,102.496099409142,0,0,0,0,0,0,0,0,356.431235627922,0,0,0,0,0,0,0,0,0,0,0,0,0,0,0,0,0,0,50768.8669502814,0,0,0,0
74570,0,0,0,0,0,0,0,0,374.246320379655,0,0,0,0,101.046622381749,0,0,0,0,0,0,0,0,351.387872099925,0,0,0,0,0,0,0,0,0,0,0,0,0,0,0,0,0,0,50057.9223835677,0,0,0,0
74601,0,0,0,0,0,0,0,0,368.954420537783,0,0,0,0,99.6178004329102,0,0,0,0,0,0,0,0,346.416426345866,0,0,0,0,0,0,0,0,0,0,0,0,0,0,0,0,0,0,49356.9857508471,0,0,0,0
74631,0,0,0,0,0,0,0,0,363.737916954902,0,0,0,0,98.2093361716883,0,0,0,0,0,0,0,0,341.51586201208,0,0,0,0,0,0,0,0,0,0,0,0,0,0,0,0,0,0,48665.9152273826,0,0,0,0
74662,0,0,0,0,0,0,0,0,358.595724502749,0,0,0,0,96.8209365593155,0,0,0,0,0,0,0,0,336.685157925867,0,0,0,0,0,0,0,0,0,0,0,0,0,0,0,0,0,0,47984.5710166158,0,0,0,0
74692,0,0,0,0,0,0,0,0,353.526773912242,0,0,0,0,95.4523128432034,0,0,0,0,0,0,0,0,331.923307865203,0,0,0,0,0,0,0,0,0,0,0,0,0,0,0,0,0,0,47312.8153207387,0,0,0,0
74723,0,0,0,0,0,0,0,0,391.449176864111,0,0,0,0,105.691368929901,0,0,0,0,0,0,0,0,368.539791579723,0,0,0,0,0,0,0,0,0,0,0,0,0,0,0,0,0,0,48953.793680872,0,0,0,0
74754,0,0,0,0,0,0,0,0,385.720869075597,0,0,0,0,104.14471795512,0,0,0,0,0,0,0,0,363.143710354778,0,0,0,0,0,0,0,0,0,0,0,0,0,0,0,0,0,0,48244.0657822386,0,0,0,0
74784,0,0,0,0,0,0,0,0,380.076996879866,0,0,0,0,102.620865270022,0,0,0,0,0,0,0,0,357.827224252328,0,0,0,0,0,0,0,0,0,0,0,0,0,0,0,0,0,0,47544.6800465394,0,0,0,0
74815,0,0,0,0,0,0,0,0,374.516303796197,0,0,0,0,101.119471566136,0,0,0,0,0,0,0,0,352.589147655331,0,0,0,0,0,0,0,0,0,0,0,0,0,0,0,0,0,0,46855.4847987719,0,0,0,0
74845,0,0,0,0,0,0,0,0,369.037552311028,0,0,0,0,99.6402026611884,0,0,0,0,0,0,0,0,347.428312876412,0,0,0,0,0,0,0,0,0,0,0,0,0,0,0,0,0,0,46176.3306073994,0,0,0,0
74876,0,0,0,0,0,0,0,0,363.639523582785,0,0,0,0,98.1827294189721,0,0,0,0,0,0,0,0,342.343569877343,0,0,0,0,0,0,0,0,0,0,0,0,0,0,0,0,0,0,45507.0702507183,0,0,0,0
74907,0,0,0,0,0,0,0,0,358.321017151784,0,0,0,0,96.7467276706188,0,0,0,0,0,0,0,0,337.333785993444,0,0,0,0,0,0,0,0,0,0,0,0,0,0,0,0,0,0,44847.5586837455,0,0,0,0
74935,0,0,0,0,0,0,0,0,353.080850655082,0,0,0,0,95.3318781372441,0,0,0,0,0,0,0,0,332.397845662784,0,0,0,0,0,0,0,0,0,0,0,0,0,0,0,0,0,0,44197.6530056177,0,0,0,0
74966,0,0,0,0,0,0,0,0,347.917859546166,0,0,0,0,93.93786635393,0,0,0,0,0,0,0,0,327.534650160063,0,0,0,0,0,0,0,0,0,0,0,0,0,0,0,0,0,0,43557.2124274923,0,0,0,0
74996,0,0,0,0,0,0,0,0,342.830896819361,0,0,0,0,92.5643825950103,0,0,0,0,0,0,0,0,322.743117335046,0,0,0,0,0,0,0,0,0,0,0,0,0,0,0,0,0,0,42926.0982409433,0,0,0,0
75027,0,0,0,0,0,0,0,0,337.818832738857,0,0,0,0,91.2111218006297,0,0,0,0,0,0,0,0,318.022181355468,0,0,0,0,0,0,0,0,0,0,0,0,0,0,0,0,0,0,42304.1737868416,0,0,0,0
75057,0,0,0,0,0,0,0,0,332.880554572252,0,0,0,0,89.877783504545,0,0,0,0,0,0,0,0,313.370792454274,0,0,0,0,0,0,0,0,0,0,0,0,0,0,0,0,0,0,41691.3044247141,0,0,0,0
75088,0,0,0,0,0,0,0,0,157.572448979549,0,0,0,0,42.5445986722718,0,0,0,0,0,0,0,0,148.608796090679,0,0,0,0,0,0,0,0,0,0,0,0,0,0,0,0,0,0,19292.4689208715,0,0,0,0
75119,0,0,0,0,0,0,0,0,155.217280947574,0,0,0,0,41.9086996047709,0,0,0,0,0,0,0,0,146.38471999671,0,0,0,0,0,0,0,0,0,0,0,0,0,0,0,0,0,0,19009.4890937757,0,0,0,0
75149,0,0,0,0,0,0,0,0,152.897877878669,0,0,0,0,41.2824574426506,0,0,0,0,0,0,0,0,144.194474432555,0,0,0,0,0,0,0,0,0,0,0,0,0,0,0,0,0,0,18730.7035789459,0,0,0,0
75180,0,0,0,0,0,0,0,0,150.613685480652,0,0,0,0,40.6657224909349,0,0,0,0,0,0,0,0,142.037533917973,0,0,0,0,0,0,0,0,0,0,0,0,0,0,0,0,0,0,18456.0493504881,0,0,0,0
75210,0,0,0,0,0,0,0,0,148.364158296967,0,0,0,0,40.0583474438306,0,0,0,0,0,0,0,0,139.913381380729,0,0,0,0,0,0,0,0,0,0,0,0,0,0,0,0,0,0,18185.4643468892,0,0,0,0
75241,0,0,0,0,0,0,0,0,146.148759558118,0,0,0,0,39.4601873442635,0,0,0,0,0,0,0,0,137.821508013689,0,0,0,0,0,0,0,0,0,0,0,0,0,0,0,0,0,0,17918.8874558634,0,0,0,0
75272,0,0,0,0,0,0,0,0,143.966961036045,0,0,0,0,38.8710995442423,0,0,0,0,0,0,0,0,135.761413134858,0,0,0,0,0,0,0,0,0,0,0,0,0,0,0,0,0,0,17656.2584994501,0,0,0,0
75300,0,0,0,0,0,0,0,0,141.818242901354,0,0,0,0,38.2909436660241,0,0,0,0,0,0,0,0,133.732604050271,0,0,0,0,0,0,0,0,0,0,0,0,0,0,0,0,0,0,17397.5182193598,0,0,0,0
75331,0,0,0,0,0,0,0,0,139.702093583296,0,0,0,0,37.7195815640523,0,0,0,0,0,0,0,0,131.73459591962,0,0,0,0,0,0,0,0,0,0,0,0,0,0,0,0,0,0,17142.6082625601,0,0,0,0
75361,0,0,0,0,0,0,0,0,137.61800963243,0,0,0,0,37.1568772876421,0,0,0,0,0,0,0,0,129.766911624541,0,0,0,0,0,0,0,0,0,0,0,0,0,0,0,0,0,0,16891.4711671006,0,0,0,0
75392,0,0,0,0,0,0,0,0,135.565495585877,0,0,0,0,36.6026970443906,0,0,0,0,0,0,0,0,127.829081639469,0,0,0,0,0,0,0,0,0,0,0,0,0,0,0,0,0,0,16644.0503481695,0,0,0,0
75422,0,0,0,0,0,0,0,0,133.544063835103,0,0,0,0,36.056909164289,0,0,0,0,0,0,0,0,125.920643904987,0,0,0,0,0,0,0,0,0,0,0,0,0,0,0,0,0,0,16400.290084379,0,0,0,0
75453,0,0,0,0,0,0,0,0,130.281535152995,0,0,0,0,35.1760280648126,0,0,0,0,0,0,0,0,122.747819972917,0,0,0,0,0,0,0,0,0,0,0,0,0,0,0,0,0,0,15749.5415652853,0,0,0,0
75484,0,0,0,0,0,0,0,0,128.357082286172,0,0,0,0,34.6564241802759,0,0,0,0,0,0,0,0,120.934476454207,0,0,0,0,0,0,0,0,0,0,0,0,0,0,0,0,0,0,15517.1049816749,0,0,0,0
75514,0,0,0,0,0,0,0,0,126.461098824387,0,0,0,0,34.144507226184,0,0,0,0,0,0,0,0,119.147964199595,0,0,0,0,0,0,0,0,0,0,0,0,0,0,0,0,0,0,15288.1010262755,0,0,0,0
75545,0,0,0,0,0,0,0,0,124.593162233846,0,0,0,0,33.6401630957409,0,0,0,0,0,0,0,0,117.387884747408,0,0,0,0,0,0,0,0,0,0,0,0,0,0,0,0,0,0,15062.4789404134,0,0,0,0
75575,0,0,0,0,0,0,0,0,122.752856313909,0,0,0,0,33.1432793947918,0,0,0,0,0,0,0,0,115.653845625326,0,0,0,0,0,0,0,0,0,0,0,0,0,0,0,0,0,0,14840.1887181913,0,0,0,0
75606,0,0,0,0,0,0,0,0,120.939771097581,0,0,0,0,32.6537454146363,0,0,0,0,0,0,0,0,113.945460254592,0,0,0,0,0,0,0,0,0,0,0,0,0,0,0,0,0,0,14621.181095216,0,0,0,0
75637,0,0,0,0,0,0,0,0,119.153502754028,0,0,0,0,32.1714521054276,0,0,0,0,0,0,0,0,112.262347856349,0,0,0,0,0,0,0,0,0,0,0,0,0,0,0,0,0,0,14405.4075375044,0,0,0,0
75665,0,0,0,0,0,0,0,0,117.393653493033,0,0,0,0,31.6962920501275,0,0,0,0,0,0,0,0,110.604133360004,0,0,0,0,0,0,0,0,0,0,0,0,0,0,0,0,0,0,14192.8202305631,0,0,0,0
75696,0,0,0,0,0,0,0,0,115.659831471309,0,0,0,0,31.2281594389909,0,0,0,0,0,0,0,0,108.970447313505,0,0,0,0,0,0,0,0,0,0,0,0,0,0,0,0,0,0,13983.3720686372,0,0,0,0
75726,0,0,0,0,0,0,0,0,113.951650700575,0,0,0,0,30.7669500445563,0,0,0,0,0,0,0,0,107.360925795461,0,0,0,0,0,0,0,0,0,0,0,0,0,0,0,0,0,0,13777.0166441269,0,0,0,0
75757,0,0,0,0,0,0,0,0,112.268730957359,0,0,0,0,30.3125611971199,0,0,0,0,0,0,0,0,105.775210328991,0,0,0,0,0,0,0,0,0,0,0,0,0,0,0,0,0,0,13573.7082371671,0,0,0,0
75787,0,0,0,0,0,0,0,0,110.610697694425,0,0,0,0,29.8648917606743,0,0,0,0,0,0,0,0,104.212947797259,0,0,0,0,0,0,0,0,0,0,0,0,0,0,0,0,0,0,13373.4018053677,0,0,0,0
75818,0,0,0,0,0,0,0,0,0.200163949496011,0,0,0,0,0.0540482190468365,0,0,0,0,0,0,0,0,0.201213786743933,0,0,0,0,0,0,0,0,0,0,0,0,0,0,0,0,0,0,10.1209508068622,0,0,0,0
75849,0,0,0,0,0,0,0,0,0.194279879064146,0,0,0,0,0.0524588969132016,0,0,0,0,0,0,0,0,0.195294466700429,0,0,0,0,0,0,0,0,0,0,0,0,0,0,0,0,0,0,9.82373104611863,0,0,0,0
75879,0,0,0,0,0,0,0,0,0.188569778750017,0,0,0,0,0.050916644942062,0,0,0,0,0,0,0,0,0.189550849851605,0,0,0,0,0,0,0,0,0,0,0,0,0,0,0,0,0,0,9.53525200949902,0,0,0,0
75910,0,0,0,0,0,0,0,0,0.183028347391708,0,0,0,0,0.0494200163342114,0,0,0,0,0,0,0,0,0.183977474083059,0,0,0,0,0,0,0,0,0,0,0,0,0,0,0,0,0,0,9.25525470319868,0,0,0,0
75940,0,0,0,0,0,0,0,0,0.177650470017824,0,0,0,0,0.0479676170030804,0,0,0,0,0,0,0,0,0.178569085548561,0,0,0,0,0,0,0,0,0,0,0,0,0,0,0,0,0,0,8.98348811352242,0,0,0,0
75971,0,0,0,0,0,0,0,0,0.172431207563401,0,0,0,0,0.0465581024131908,0,0,0,0,0,0,0,0,0.173320625002299,0,0,0,0,0,0,0,0,0,0,0,0,0,0,0,0,0,0,8.7197089132169,0,0,0,0
76002,0,0,0,0,0,0,0,0,0.167365787647255,0,0,0,0,0.0451901747658687,0,0,0,0,0,0,0,0,0.168227215723143,0,0,0,0,0,0,0,0,0,0,0,0,0,0,0,0,0,0,8.46368118578732,0,0,0,0
76031,0,0,0,0,0,0,0,0,0.162449596259891,0,0,0,0,0.0438625804819109,0,0,0,0,0,0,0,0,0.163284152796477,0,0,0,0,0,0,0,0,0,0,0,0,0,0,0,0,0,0,8.21517616579439,0,0,0,0
76062,0,0,0,0,0,0,0,0,0.157678170234368,0,0,0,0,0.0425741079386978,0,0,0,0,0,0,0,0,0.158486893555622,0,0,0,0,0,0,0,0,0,0,0,0,0,0,0,0,0,0,7.97397199341908,0,0,0,0
76092,0,0,0,0,0,0,0,0,0.153047190392181,0,0,0,0,0.0413235854258219,0,0,0,0,0,0,0,0,0.153831049015604,0,0,0,0,0,0,0,0,0,0,0,0,0,0,0,0,0,0,7.7398534818291,0,0,0,0
76123,0,0,0,0,0,0,0,0,0.148552475272768,0,0,0,0,0.040109879288841,0,0,0,0,0,0,0,0,0.149312376157932,0,0,0,0,0,0,0,0,0,0,0,0,0,0,0,0,0,0,7.51261189608881,0,0,0,0
76153,0,0,0,0,0,0,0,0,0.144189975369235,0,0,0,0,0.0389318922354385,0,0,0,0,0,0,0,0,0.144926770946898,0,0,0,0,0,0,0,0,0,0,0,0,0,0,0,0,0,0,7.29204474253079,0,0,0,0
76184,0,0,0,0,0,0,0,0,0,0,0,0,0,0,0,0,0,0,0,0,0,0,0,0,0,0,0,0,0,0,0,0,0,0,0,0,0,0,0,0,0,0,0,0,0,0
76215,0,0,0,0,0,0,0,0,0,0,0,0,0,0,0,0,0,0,0,0,0,0,0,0,0,0,0,0,0,0,0,0,0,0,0,0,0,0,0,0,0,0,0,0,0,0
76245,0,0,0,0,0,0,0,0,0,0,0,0,0,0,0,0,0,0,0,0,0,0,0,0,0,0,0,0,0,0,0,0,0,0,0,0,0,0,0,0,0,0,0,0,0,0
76276,0,0,0,0,0,0,0,0,0,0,0,0,0,0,0,0,0,0,0,0,0,0,0,0,0,0,0,0,0,0,0,0,0,0,0,0,0,0,0,0,0,0,0,0,0,0
76306,0,0,0,0,0,0,0,0,0,0,0,0,0,0,0,0,0,0,0,0,0,0,0,0,0,0,0,0,0,0,0,0,0,0,0,0,0,0,0,0,0,0,0,0,0,0
76337,0,0,0,0,0,0,0,0,0,0,0,0,0,0,0,0,0,0,0,0,0,0,0,0,0,0,0,0,0,0,0,0,0,0,0,0,0,0,0,0,0,0,0,0,0,0
76368,0,0,0,0,0,0,0,0,0,0,0,0,0,0,0,0,0,0,0,0,0,0,0,0,0,0,0,0,0,0,0,0,0,0,0,0,0,0,0,0,0,0,0,0,0,0
76396,0,0,0,0,0,0,0,0,0,0,0,0,0,0,0,0,0,0,0,0,0,0,0,0,0,0,0,0,0,0,0,0,0,0,0,0,0,0,0,0,0,0,0,0,0,0
76427,0,0,0,0,0,0,0,0,0,0,0,0,0,0,0,0,0,0,0,0,0,0,0,0,0,0,0,0,0,0,0,0,0,0,0,0,0,0,0,0,0,0,0,0,0,0
76457,0,0,0,0,0,0,0,0,0,0,0,0,0,0,0,0,0,0,0,0,0,0,0,0,0,0,0,0,0,0,0,0,0,0,0,0,0,0,0,0,0,0,0,0,0,0
76488,0,0,0,0,0,0,0,0,0,0,0,0,0,0,0,0,0,0,0,0,0,0,0,0,0,0,0,0,0,0,0,0,0,0,0,0,0,0,0,0,0,0,0,0,0,0
76518,0,0,0,0,0,0,0,0,0,0,0,0,0,0,0,0,0,0,0,0,0,0,0,0,0,0,0,0,0,0,0,0,0,0,0,0,0,0,0,0,0,0,0,0,0,0
76549,0,0,0,0,0,0,0,0,0,0,0,0,0,0,0,0,0,0,0,0,0,0,0,0,0,0,0,0,0,0,0,0,0,0,0,0,0,0,0,0,0,0,0,0,0,0
76580,0,0,0,0,0,0,0,0,0,0,0,0,0,0,0,0,0,0,0,0,0,0,0,0,0,0,0,0,0,0,0,0,0,0,0,0,0,0,0,0,0,0,0,0,0,0
76610,0,0,0,0,0,0,0,0,0,0,0,0,0,0,0,0,0,0,0,0,0,0,0,0,0,0,0,0,0,0,0,0,0,0,0,0,0,0,0,0,0,0,0,0,0,0
76641,0,0,0,0,0,0,0,0,0,0,0,0,0,0,0,0,0,0,0,0,0,0,0,0,0,0,0,0,0,0,0,0,0,0,0,0,0,0,0,0,0,0,0,0,0,0
76671,0,0,0,0,0,0,0,0,0,0,0,0,0,0,0,0,0,0,0,0,0,0,0,0,0,0,0,0,0,0,0,0,0,0,0,0,0,0,0,0,0,0,0,0,0,0
76702,0,0,0,0,0,0,0,0,0,0,0,0,0,0,0,0,0,0,0,0,0,0,0,0,0,0,0,0,0,0,0,0,0,0,0,0,0,0,0,0,0,0,0,0,0,0
76733,0,0,0,0,0,0,0,0,0,0,0,0,0,0,0,0,0,0,0,0,0,0,0,0,0,0,0,0,0,0,0,0,0,0,0,0,0,0,0,0,0,0,0,0,0,0
76761,0,0,0,0,0,0,0,0,0,0,0,0,0,0,0,0,0,0,0,0,0,0,0,0,0,0,0,0,0,0,0,0,0,0,0,0,0,0,0,0,0,0,0,0,0,0
76792,0,0,0,0,0,0,0,0,0,0,0,0,0,0,0,0,0,0,0,0,0,0,0,0,0,0,0,0,0,0,0,0,0,0,0,0,0,0,0,0,0,0,0,0,0,0
76822,0,0,0,0,0,0,0,0,0,0,0,0,0,0,0,0,0,0,0,0,0,0,0,0,0,0,0,0,0,0,0,0,0,0,0,0,0,0,0,0,0,0,0,0,0,0
76853,0,0,0,0,0,0,0,0,0,0,0,0,0,0,0,0,0,0,0,0,0,0,0,0,0,0,0,0,0,0,0,0,0,0,0,0,0,0,0,0,0,0,0,0,0,0
76883,0,0,0,0,0,0,0,0,0,0,0,0,0,0,0,0,0,0,0,0,0,0,0,0,0,0,0,0,0,0,0,0,0,0,0,0,0,0,0,0,0,0,0,0,0,0
76914,0,0,0,0,0,0,0,0,0,0,0,0,0,0,0,0,0,0,0,0,0,0,0,0,0,0,0,0,0,0,0,0,0,0,0,0,0,0,0,0,0,0,0,0,0,0
76945,0,0,0,0,0,0,0,0,0,0,0,0,0,0,0,0,0,0,0,0,0,0,0,0,0,0,0,0,0,0,0,0,0,0,0,0,0,0,0,0,0,0,0,0,0,0
76975,0,0,0,0,0,0,0,0,0,0,0,0,0,0,0,0,0,0,0,0,0,0,0,0,0,0,0,0,0,0,0,0,0,0,0,0,0,0,0,0,0,0,0,0,0,0
77006,0,0,0,0,0,0,0,0,0,0,0,0,0,0,0,0,0,0,0,0,0,0,0,0,0,0,0,0,0,0,0,0,0,0,0,0,0,0,0,0,0,0,0,0,0,0
77036,0,0,0,0,0,0,0,0,0,0,0,0,0,0,0,0,0,0,0,0,0,0,0,0,0,0,0,0,0,0,0,0,0,0,0,0,0,0,0,0,0,0,0,0,0,0
77067,0,0,0,0,0,0,0,0,0,0,0,0,0,0,0,0,0,0,0,0,0,0,0,0,0,0,0,0,0,0,0,0,0,0,0,0,0,0,0,0,0,0,0,0,0,0
77098,0,0,0,0,0,0,0,0,0,0,0,0,0,0,0,0,0,0,0,0,0,0,0,0,0,0,0,0,0,0,0,0,0,0,0,0,0,0,0,0,0,0,0,0,0,0
77126,0,0,0,0,0,0,0,0,0,0,0,0,0,0,0,0,0,0,0,0,0,0,0,0,0,0,0,0,0,0,0,0,0,0,0,0,0,0,0,0,0,0,0,0,0,0
77157,0,0,0,0,0,0,0,0,0,0,0,0,0,0,0,0,0,0,0,0,0,0,0,0,0,0,0,0,0,0,0,0,0,0,0,0,0,0,0,0,0,0,0,0,0,0
77187,0,0,0,0,0,0,0,0,0,0,0,0,0,0,0,0,0,0,0,0,0,0,0,0,0,0,0,0,0,0,0,0,0,0,0,0,0,0,0,0,0,0,0,0,0,0
77218,0,0,0,0,0,0,0,0,0,0,0,0,0,0,0,0,0,0,0,0,0,0,0,0,0,0,0,0,0,0,0,0,0,0,0,0,0,0,0,0,0,0,0,0,0,0
77248,0,0,0,0,0,0,0,0,0,0,0,0,0,0,0,0,0,0,0,0,0,0,0,0,0,0,0,0,0,0,0,0,0,0,0,0,0,0,0,0,0,0,0,0,0,0
77279,0,0,0,0,0,0,0,0,0,0,0,0,0,0,0,0,0,0,0,0,0,0,0,0,0,0,0,0,0,0,0,0,0,0,0,0,0,0,0,0,0,0,0,0,0,0
77310,0,0,0,0,0,0,0,0,0,0,0,0,0,0,0,0,0,0,0,0,0,0,0,0,0,0,0,0,0,0,0,0,0,0,0,0,0,0,0,0,0,0,0,0,0,0
77340,0,0,0,0,0,0,0,0,0,0,0,0,0,0,0,0,0,0,0,0,0,0,0,0,0,0,0,0,0,0,0,0,0,0,0,0,0,0,0,0,0,0,0,0,0,0
77371,0,0,0,0,0,0,0,0,0,0,0,0,0,0,0,0,0,0,0,0,0,0,0,0,0,0,0,0,0,0,0,0,0,0,0,0,0,0,0,0,0,0,0,0,0,0
77401,0,0,0,0,0,0,0,0,0,0,0,0,0,0,0,0,0,0,0,0,0,0,0,0,0,0,0,0,0,0,0,0,0,0,0,0,0,0,0,0,0,0,0,0,0,0
77432,0,0,0,0,0,0,0,0,0,0,0,0,0,0,0,0,0,0,0,0,0,0,0,0,0,0,0,0,0,0,0,0,0,0,0,0,0,0,0,0,0,0,0,0,0,0
77463,0,0,0,0,0,0,0,0,0,0,0,0,0,0,0,0,0,0,0,0,0,0,0,0,0,0,0,0,0,0,0,0,0,0,0,0,0,0,0,0,0,0,0,0,0,0
77492,0,0,0,0,0,0,0,0,0,0,0,0,0,0,0,0,0,0,0,0,0,0,0,0,0,0,0,0,0,0,0,0,0,0,0,0,0,0,0,0,0,0,0,0,0,0
77523,0,0,0,0,0,0,0,0,0,0,0,0,0,0,0,0,0,0,0,0,0,0,0,0,0,0,0,0,0,0,0,0,0,0,0,0,0,0,0,0,0,0,0,0,0,0
77553,0,0,0,0,0,0,0,0,0,0,0,0,0,0,0,0,0,0,0,0,0,0,0,0,0,0,0,0,0,0,0,0,0,0,0,0,0,0,0,0,0,0,0,0,0,0
77584,0,0,0,0,0,0,0,0,0,0,0,0,0,0,0,0,0,0,0,0,0,0,0,0,0,0,0,0,0,0,0,0,0,0,0,0,0,0,0,0,0,0,0,0,0,0
77614,0,0,0,0,0,0,0,0,0,0,0,0,0,0,0,0,0,0,0,0,0,0,0,0,0,0,0,0,0,0,0,0,0,0,0,0,0,0,0,0,0,0,0,0,0,0
77645,0,0,0,0,0,0,0,0,0,0,0,0,0,0,0,0,0,0,0,0,0,0,0,0,0,0,0,0,0,0,0,0,0,0,0,0,0,0,0,0,0,0,0,0,0,0
77676,0,0,0,0,0,0,0,0,0,0,0,0,0,0,0,0,0,0,0,0,0,0,0,0,0,0,0,0,0,0,0,0,0,0,0,0,0,0,0,0,0,0,0,0,0,0
77706,0,0,0,0,0,0,0,0,0,0,0,0,0,0,0,0,0,0,0,0,0,0,0,0,0,0,0,0,0,0,0,0,0,0,0,0,0,0,0,0,0,0,0,0,0,0
77737,0,0,0,0,0,0,0,0,0,0,0,0,0,0,0,0,0,0,0,0,0,0,0,0,0,0,0,0,0,0,0,0,0,0,0,0,0,0,0,0,0,0,0,0,0,0
77767,0,0,0,0,0,0,0,0,0,0,0,0,0,0,0,0,0,0,0,0,0,0,0,0,0,0,0,0,0,0,0,0,0,0,0,0,0,0,0,0,0,0,0,0,0,0
77798,0,0,0,0,0,0,0,0,0,0,0,0,0,0,0,0,0,0,0,0,0,0,0,0,0,0,0,0,0,0,0,0,0,0,0,0,0,0,0,0,0,0,0,0,0,0
77829,0,0,0,0,0,0,0,0,0,0,0,0,0,0,0,0,0,0,0,0,0,0,0,0,0,0,0,0,0,0,0,0,0,0,0,0,0,0,0,0,0,0,0,0,0,0
77857,0,0,0,0,0,0,0,0,0,0,0,0,0,0,0,0,0,0,0,0,0,0,0,0,0,0,0,0,0,0,0,0,0,0,0,0,0,0,0,0,0,0,0,0,0,0
77888,0,0,0,0,0,0,0,0,0,0,0,0,0,0,0,0,0,0,0,0,0,0,0,0,0,0,0,0,0,0,0,0,0,0,0,0,0,0,0,0,0,0,0,0,0,0
77918,0,0,0,0,0,0,0,0,0,0,0,0,0,0,0,0,0,0,0,0,0,0,0,0,0,0,0,0,0,0,0,0,0,0,0,0,0,0,0,0,0,0,0,0,0,0
77949,0,0,0,0,0,0,0,0,0,0,0,0,0,0,0,0,0,0,0,0,0,0,0,0,0,0,0,0,0,0,0,0,0,0,0,0,0,0,0,0,0,0,0,0,0,0
77979,0,0,0,0,0,0,0,0,0,0,0,0,0,0,0,0,0,0,0,0,0,0,0,0,0,0,0,0,0,0,0,0,0,0,0,0,0,0,0,0,0,0,0,0,0,0
78010,0,0,0,0,0,0,0,0,0,0,0,0,0,0,0,0,0,0,0,0,0,0,0,0,0,0,0,0,0,0,0,0,0,0,0,0,0,0,0,0,0,0,0,0,0,0
78041,0,0,0,0,0,0,0,0,0,0,0,0,0,0,0,0,0,0,0,0,0,0,0,0,0,0,0,0,0,0,0,0,0,0,0,0,0,0,0,0,0,0,0,0,0,0
78071,0,0,0,0,0,0,0,0,0,0,0,0,0,0,0,0,0,0,0,0,0,0,0,0,0,0,0,0,0,0,0,0,0,0,0,0,0,0,0,0,0,0,0,0,0,0
78102,0,0,0,0,0,0,0,0,0,0,0,0,0,0,0,0,0,0,0,0,0,0,0,0,0,0,0,0,0,0,0,0,0,0,0,0,0,0,0,0,0,0,0,0,0,0
78132,0,0,0,0,0,0,0,0,0,0,0,0,0,0,0,0,0,0,0,0,0,0,0,0,0,0,0,0,0,0,0,0,0,0,0,0,0,0,0,0,0,0,0,0,0,0
78163,0,0,0,0,0,0,0,0,0,0,0,0,0,0,0,0,0,0,0,0,0,0,0,0,0,0,0,0,0,0,0,0,0,0,0,0,0,0,0,0,0,0,0,0,0,0
78194,0,0,0,0,0,0,0,0,0,0,0,0,0,0,0,0,0,0,0,0,0,0,0,0,0,0,0,0,0,0,0,0,0,0,0,0,0,0,0,0,0,0,0,0,0,0
78222,0,0,0,0,0,0,0,0,0,0,0,0,0,0,0,0,0,0,0,0,0,0,0,0,0,0,0,0,0,0,0,0,0,0,0,0,0,0,0,0,0,0,0,0,0,0
78253,0,0,0,0,0,0,0,0,0,0,0,0,0,0,0,0,0,0,0,0,0,0,0,0,0,0,0,0,0,0,0,0,0,0,0,0,0,0,0,0,0,0,0,0,0,0
78283,0,0,0,0,0,0,0,0,0,0,0,0,0,0,0,0,0,0,0,0,0,0,0,0,0,0,0,0,0,0,0,0,0,0,0,0,0,0,0,0,0,0,0,0,0,0
78314,0,0,0,0,0,0,0,0,0,0,0,0,0,0,0,0,0,0,0,0,0,0,0,0,0,0,0,0,0,0,0,0,0,0,0,0,0,0,0,0,0,0,0,0,0,0
78344,0,0,0,0,0,0,0,0,0,0,0,0,0,0,0,0,0,0,0,0,0,0,0,0,0,0,0,0,0,0,0,0,0,0,0,0,0,0,0,0,0,0,0,0,0,0
78375,0,0,0,0,0,0,0,0,0,0,0,0,0,0,0,0,0,0,0,0,0,0,0,0,0,0,0,0,0,0,0,0,0,0,0,0,0,0,0,0,0,0,0,0,0,0
78406,0,0,0,0,0,0,0,0,0,0,0,0,0,0,0,0,0,0,0,0,0,0,0,0,0,0,0,0,0,0,0,0,0,0,0,0,0,0,0,0,0,0,0,0,0,0
78436,0,0,0,0,0,0,0,0,0,0,0,0,0,0,0,0,0,0,0,0,0,0,0,0,0,0,0,0,0,0,0,0,0,0,0,0,0,0,0,0,0,0,0,0,0,0
78467,0,0,0,0,0,0,0,0,0,0,0,0,0,0,0,0,0,0,0,0,0,0,0,0,0,0,0,0,0,0,0,0,0,0,0,0,0,0,0,0,0,0,0,0,0,0
78497,0,0,0,0,0,0,0,0,0,0,0,0,0,0,0,0,0,0,0,0,0,0,0,0,0,0,0,0,0,0,0,0,0,0,0,0,0,0,0,0,0,0,0,0,0,0
78528,0,0,0,0,0,0,0,0,0,0,0,0,0,0,0,0,0,0,0,0,0,0,0,0,0,0,0,0,0,0,0,0,0,0,0,0,0,0,0,0,0,0,0,0,0,0
78559,0,0,0,0,0,0,0,0,0,0,0,0,0,0,0,0,0,0,0,0,0,0,0,0,0,0,0,0,0,0,0,0,0,0,0,0,0,0,0,0,0,0,0,0,0,0
78587,0,0,0,0,0,0,0,0,0,0,0,0,0,0,0,0,0,0,0,0,0,0,0,0,0,0,0,0,0,0,0,0,0,0,0,0,0,0,0,0,0,0,0,0,0,0
78618,0,0,0,0,0,0,0,0,0,0,0,0,0,0,0,0,0,0,0,0,0,0,0,0,0,0,0,0,0,0,0,0,0,0,0,0,0,0,0,0,0,0,0,0,0,0
78648,0,0,0,0,0,0,0,0,0,0,0,0,0,0,0,0,0,0,0,0,0,0,0,0,0,0,0,0,0,0,0,0,0,0,0,0,0,0,0,0,0,0,0,0,0,0
78679,0,0,0,0,0,0,0,0,0,0,0,0,0,0,0,0,0,0,0,0,0,0,0,0,0,0,0,0,0,0,0,0,0,0,0,0,0,0,0,0,0,0,0,0,0,0
78709,0,0,0,0,0,0,0,0,0,0,0,0,0,0,0,0,0,0,0,0,0,0,0,0,0,0,0,0,0,0,0,0,0,0,0,0,0,0,0,0,0,0,0,0,0,0
78740,0,0,0,0,0,0,0,0,0,0,0,0,0,0,0,0,0,0,0,0,0,0,0,0,0,0,0,0,0,0,0,0,0,0,0,0,0,0,0,0,0,0,0,0,0,0
78771,0,0,0,0,0,0,0,0,0,0,0,0,0,0,0,0,0,0,0,0,0,0,0,0,0,0,0,0,0,0,0,0,0,0,0,0,0,0,0,0,0,0,0,0,0,0
78801,0,0,0,0,0,0,0,0,0,0,0,0,0,0,0,0,0,0,0,0,0,0,0,0,0,0,0,0,0,0,0,0,0,0,0,0,0,0,0,0,0,0,0,0,0,0
78832,0,0,0,0,0,0,0,0,0,0,0,0,0,0,0,0,0,0,0,0,0,0,0,0,0,0,0,0,0,0,0,0,0,0,0,0,0,0,0,0,0,0,0,0,0,0
78862,0,0,0,0,0,0,0,0,0,0,0,0,0,0,0,0,0,0,0,0,0,0,0,0,0,0,0,0,0,0,0,0,0,0,0,0,0,0,0,0,0,0,0,0,0,0
78893,0,0,0,0,0,0,0,0,0,0,0,0,0,0,0,0,0,0,0,0,0,0,0,0,0,0,0,0,0,0,0,0,0,0,0,0,0,0,0,0,0,0,0,0,0,0
78924,0,0,0,0,0,0,0,0,0,0,0,0,0,0,0,0,0,0,0,0,0,0,0,0,0,0,0,0,0,0,0,0,0,0,0,0,0,0,0,0,0,0,0,0,0,0
78953,0,0,0,0,0,0,0,0,0,0,0,0,0,0,0,0,0,0,0,0,0,0,0,0,0,0,0,0,0,0,0,0,0,0,0,0,0,0,0,0,0,0,0,0,0,0
78984,0,0,0,0,0,0,0,0,0,0,0,0,0,0,0,0,0,0,0,0,0,0,0,0,0,0,0,0,0,0,0,0,0,0,0,0,0,0,0,0,0,0,0,0,0,0
79014,0,0,0,0,0,0,0,0,0,0,0,0,0,0,0,0,0,0,0,0,0,0,0,0,0,0,0,0,0,0,0,0,0,0,0,0,0,0,0,0,0,0,0,0,0,0
79045,0,0,0,0,0,0,0,0,0,0,0,0,0,0,0,0,0,0,0,0,0,0,0,0,0,0,0,0,0,0,0,0,0,0,0,0,0,0,0,0,0,0,0,0,0,0
79075,0,0,0,0,0,0,0,0,0,0,0,0,0,0,0,0,0,0,0,0,0,0,0,0,0,0,0,0,0,0,0,0,0,0,0,0,0,0,0,0,0,0,0,0,0,0
79106,0,0,0,0,0,0,0,0,0,0,0,0,0,0,0,0,0,0,0,0,0,0,0,0,0,0,0,0,0,0,0,0,0,0,0,0,0,0,0,0,0,0,0,0,0,0
79137,0,0,0,0,0,0,0,0,0,0,0,0,0,0,0,0,0,0,0,0,0,0,0,0,0,0,0,0,0,0,0,0,0,0,0,0,0,0,0,0,0,0,0,0,0,0
79167,0,0,0,0,0,0,0,0,0,0,0,0,0,0,0,0,0,0,0,0,0,0,0,0,0,0,0,0,0,0,0,0,0,0,0,0,0,0,0,0,0,0,0,0,0,0
79198,0,0,0,0,0,0,0,0,0,0,0,0,0,0,0,0,0,0,0,0,0,0,0,0,0,0,0,0,0,0,0,0,0,0,0,0,0,0,0,0,0,0,0,0,0,0
79228,0,0,0,0,0,0,0,0,0,0,0,0,0,0,0,0,0,0,0,0,0,0,0,0,0,0,0,0,0,0,0,0,0,0,0,0,0,0,0,0,0,0,0,0,0,0
79259,0,0,0,0,0,0,0,0,0,0,0,0,0,0,0,0,0,0,0,0,0,0,0,0,0,0,0,0,0,0,0,0,0,0,0,0,0,0,0,0,0,0,0,0,0,0
79290,0,0,0,0,0,0,0,0,0,0,0,0,0,0,0,0,0,0,0,0,0,0,0,0,0,0,0,0,0,0,0,0,0,0,0,0,0,0,0,0,0,0,0,0,0,0
79318,0,0,0,0,0,0,0,0,0,0,0,0,0,0,0,0,0,0,0,0,0,0,0,0,0,0,0,0,0,0,0,0,0,0,0,0,0,0,0,0,0,0,0,0,0,0
79349,0,0,0,0,0,0,0,0,0,0,0,0,0,0,0,0,0,0,0,0,0,0,0,0,0,0,0,0,0,0,0,0,0,0,0,0,0,0,0,0,0,0,0,0,0,0
79379,0,0,0,0,0,0,0,0,0,0,0,0,0,0,0,0,0,0,0,0,0,0,0,0,0,0,0,0,0,0,0,0,0,0,0,0,0,0,0,0,0,0,0,0,0,0
79410,0,0,0,0,0,0,0,0,0,0,0,0,0,0,0,0,0,0,0,0,0,0,0,0,0,0,0,0,0,0,0,0,0,0,0,0,0,0,0,0,0,0,0,0,0,0
79440,0,0,0,0,0,0,0,0,0,0,0,0,0,0,0,0,0,0,0,0,0,0,0,0,0,0,0,0,0,0,0,0,0,0,0,0,0,0,0,0,0,0,0,0,0,0
79471,0,0,0,0,0,0,0,0,0,0,0,0,0,0,0,0,0,0,0,0,0,0,0,0,0,0,0,0,0,0,0,0,0,0,0,0,0,0,0,0,0,0,0,0,0,0
79502,0,0,0,0,0,0,0,0,0,0,0,0,0,0,0,0,0,0,0,0,0,0,0,0,0,0,0,0,0,0,0,0,0,0,0,0,0,0,0,0,0,0,0,0,0,0
79532,0,0,0,0,0,0,0,0,0,0,0,0,0,0,0,0,0,0,0,0,0,0,0,0,0,0,0,0,0,0,0,0,0,0,0,0,0,0,0,0,0,0,0,0,0,0
79563,0,0,0,0,0,0,0,0,0,0,0,0,0,0,0,0,0,0,0,0,0,0,0,0,0,0,0,0,0,0,0,0,0,0,0,0,0,0,0,0,0,0,0,0,0,0
79593,0,0,0,0,0,0,0,0,0,0,0,0,0,0,0,0,0,0,0,0,0,0,0,0,0,0,0,0,0,0,0,0,0,0,0,0,0,0,0,0,0,0,0,0,0,0
79624,0,0,0,0,0,0,0,0,0,0,0,0,0,0,0,0,0,0,0,0,0,0,0,0,0,0,0,0,0,0,0,0,0,0,0,0,0,0,0,0,0,0,0,0,0,0
79655,0,0,0,0,0,0,0,0,0,0,0,0,0,0,0,0,0,0,0,0,0,0,0,0,0,0,0,0,0,0,0,0,0,0,0,0,0,0,0,0,0,0,0,0,0,0
79683,0,0,0,0,0,0,0,0,0,0,0,0,0,0,0,0,0,0,0,0,0,0,0,0,0,0,0,0,0,0,0,0,0,0,0,0,0,0,0,0,0,0,0,0,0,0
79714,0,0,0,0,0,0,0,0,0,0,0,0,0,0,0,0,0,0,0,0,0,0,0,0,0,0,0,0,0,0,0,0,0,0,0,0,0,0,0,0,0,0,0,0,0,0
79744,0,0,0,0,0,0,0,0,0,0,0,0,0,0,0,0,0,0,0,0,0,0,0,0,0,0,0,0,0,0,0,0,0,0,0,0,0,0,0,0,0,0,0,0,0,0
79775,0,0,0,0,0,0,0,0,0,0,0,0,0,0,0,0,0,0,0,0,0,0,0,0,0,0,0,0,0,0,0,0,0,0,0,0,0,0,0,0,0,0,0,0,0,0
79805,0,0,0,0,0,0,0,0,0,0,0,0,0,0,0,0,0,0,0,0,0,0,0,0,0,0,0,0,0,0,0,0,0,0,0,0,0,0,0,0,0,0,0,0,0,0
79836,0,0,0,0,0,0,0,0,0,0,0,0,0,0,0,0,0,0,0,0,0,0,0,0,0,0,0,0,0,0,0,0,0,0,0,0,0,0,0,0,0,0,0,0,0,0
79867,0,0,0,0,0,0,0,0,0,0,0,0,0,0,0,0,0,0,0,0,0,0,0,0,0,0,0,0,0,0,0,0,0,0,0,0,0,0,0,0,0,0,0,0,0,0
79897,0,0,0,0,0,0,0,0,0,0,0,0,0,0,0,0,0,0,0,0,0,0,0,0,0,0,0,0,0,0,0,0,0,0,0,0,0,0,0,0,0,0,0,0,0,0
79928,0,0,0,0,0,0,0,0,0,0,0,0,0,0,0,0,0,0,0,0,0,0,0,0,0,0,0,0,0,0,0,0,0,0,0,0,0,0,0,0,0,0,0,0,0,0
79958,0,0,0,0,0,0,0,0,0,0,0,0,0,0,0,0,0,0,0,0,0,0,0,0,0,0,0,0,0,0,0,0,0,0,0,0,0,0,0,0,0,0,0,0,0,0
79989,0,0,0,0,0,0,0,0,0,0,0,0,0,0,0,0,0,0,0,0,0,0,0,0,0,0,0,0,0,0,0,0,0,0,0,0,0,0,0,0,0,0,0,0,0,0
80020,0,0,0,0,0,0,0,0,0,0,0,0,0,0,0,0,0,0,0,0,0,0,0,0,0,0,0,0,0,0,0,0,0,0,0,0,0,0,0,0,0,0,0,0,0,0
80048,0,0,0,0,0,0,0,0,0,0,0,0,0,0,0,0,0,0,0,0,0,0,0,0,0,0,0,0,0,0,0,0,0,0,0,0,0,0,0,0,0,0,0,0,0,0
80079,0,0,0,0,0,0,0,0,0,0,0,0,0,0,0,0,0,0,0,0,0,0,0,0,0,0,0,0,0,0,0,0,0,0,0,0,0,0,0,0,0,0,0,0,0,0
80109,0,0,0,0,0,0,0,0,0,0,0,0,0,0,0,0,0,0,0,0,0,0,0,0,0,0,0,0,0,0,0,0,0,0,0,0,0,0,0,0,0,0,0,0,0,0
80140,0,0,0,0,0,0,0,0,0,0,0,0,0,0,0,0,0,0,0,0,0,0,0,0,0,0,0,0,0,0,0,0,0,0,0,0,0,0,0,0,0,0,0,0,0,0
80170,0,0,0,0,0,0,0,0,0,0,0,0,0,0,0,0,0,0,0,0,0,0,0,0,0,0,0,0,0,0,0,0,0,0,0,0,0,0,0,0,0,0,0,0,0,0
80201,0,0,0,0,0,0,0,0,0,0,0,0,0,0,0,0,0,0,0,0,0,0,0,0,0,0,0,0,0,0,0,0,0,0,0,0,0,0,0,0,0,0,0,0,0,0
80232,0,0,0,0,0,0,0,0,0,0,0,0,0,0,0,0,0,0,0,0,0,0,0,0,0,0,0,0,0,0,0,0,0,0,0,0,0,0,0,0,0,0,0,0,0,0
80262,0,0,0,0,0,0,0,0,0,0,0,0,0,0,0,0,0,0,0,0,0,0,0,0,0,0,0,0,0,0,0,0,0,0,0,0,0,0,0,0,0,0,0,0,0,0
80293,0,0,0,0,0,0,0,0,0,0,0,0,0,0,0,0,0,0,0,0,0,0,0,0,0,0,0,0,0,0,0,0,0,0,0,0,0,0,0,0,0,0,0,0,0,0
80323,0,0,0,0,0,0,0,0,0,0,0,0,0,0,0,0,0,0,0,0,0,0,0,0,0,0,0,0,0,0,0,0,0,0,0,0,0,0,0,0,0,0,0,0,0,0
80354,0,0,0,0,0,0,0,0,0,0,0,0,0,0,0,0,0,0,0,0,0,0,0,0,0,0,0,0,0,0,0,0,0,0,0,0,0,0,0,0,0,0,0,0,0,0
80385,0,0,0,0,0,0,0,0,0,0,0,0,0,0,0,0,0,0,0,0,0,0,0,0,0,0,0,0,0,0,0,0,0,0,0,0,0,0,0,0,0,0,0,0,0,0
80414,0,0,0,0,0,0,0,0,0,0,0,0,0,0,0,0,0,0,0,0,0,0,0,0,0,0,0,0,0,0,0,0,0,0,0,0,0,0,0,0,0,0,0,0,0,0
80445,0,0,0,0,0,0,0,0,0,0,0,0,0,0,0,0,0,0,0,0,0,0,0,0,0,0,0,0,0,0,0,0,0,0,0,0,0,0,0,0,0,0,0,0,0,0
80475,0,0,0,0,0,0,0,0,0,0,0,0,0,0,0,0,0,0,0,0,0,0,0,0,0,0,0,0,0,0,0,0,0,0,0,0,0,0,0,0,0,0,0,0,0,0
80506,0,0,0,0,0,0,0,0,0,0,0,0,0,0,0,0,0,0,0,0,0,0,0,0,0,0,0,0,0,0,0,0,0,0,0,0,0,0,0,0,0,0,0,0,0,0
80536,0,0,0,0,0,0,0,0,0,0,0,0,0,0,0,0,0,0,0,0,0,0,0,0,0,0,0,0,0,0,0,0,0,0,0,0,0,0,0,0,0,0,0,0,0,0
80567,0,0,0,0,0,0,0,0,0,0,0,0,0,0,0,0,0,0,0,0,0,0,0,0,0,0,0,0,0,0,0,0,0,0,0,0,0,0,0,0,0,0,0,0,0,0
80598,0,0,0,0,0,0,0,0,0,0,0,0,0,0,0,0,0,0,0,0,0,0,0,0,0,0,0,0,0,0,0,0,0,0,0,0,0,0,0,0,0,0,0,0,0,0
80628,0,0,0,0,0,0,0,0,0,0,0,0,0,0,0,0,0,0,0,0,0,0,0,0,0,0,0,0,0,0,0,0,0,0,0,0,0,0,0,0,0,0,0,0,0,0
80659,0,0,0,0,0,0,0,0,0,0,0,0,0,0,0,0,0,0,0,0,0,0,0,0,0,0,0,0,0,0,0,0,0,0,0,0,0,0,0,0,0,0,0,0,0,0
80689,0,0,0,0,0,0,0,0,0,0,0,0,0,0,0,0,0,0,0,0,0,0,0,0,0,0,0,0,0,0,0,0,0,0,0,0,0,0,0,0,0,0,0,0,0,0
80720,0,0,0,0,0,0,0,0,0,0,0,0,0,0,0,0,0,0,0,0,0,0,0,0,0,0,0,0,0,0,0,0,0,0,0,0,0,0,0,0,0,0,0,0,0,0
80751,0,0,0,0,0,0,0,0,0,0,0,0,0,0,0,0,0,0,0,0,0,0,0,0,0,0,0,0,0,0,0,0,0,0,0,0,0,0,0,0,0,0,0,0,0,0
80779,0,0,0,0,0,0,0,0,0,0,0,0,0,0,0,0,0,0,0,0,0,0,0,0,0,0,0,0,0,0,0,0,0,0,0,0,0,0,0,0,0,0,0,0,0,0
80810,0,0,0,0,0,0,0,0,0,0,0,0,0,0,0,0,0,0,0,0,0,0,0,0,0,0,0,0,0,0,0,0,0,0,0,0,0,0,0,0,0,0,0,0,0,0
80840,0,0,0,0,0,0,0,0,0,0,0,0,0,0,0,0,0,0,0,0,0,0,0,0,0,0,0,0,0,0,0,0,0,0,0,0,0,0,0,0,0,0,0,0,0,0
80871,0,0,0,0,0,0,0,0,0,0,0,0,0,0,0,0,0,0,0,0,0,0,0,0,0,0,0,0,0,0,0,0,0,0,0,0,0,0,0,0,0,0,0,0,0,0
80901,0,0,0,0,0,0,0,0,0,0,0,0,0,0,0,0,0,0,0,0,0,0,0,0,0,0,0,0,0,0,0,0,0,0,0,0,0,0,0,0,0,0,0,0,0,0
80932,0,0,0,0,0,0,0,0,0,0,0,0,0,0,0,0,0,0,0,0,0,0,0,0,0,0,0,0,0,0,0,0,0,0,0,0,0,0,0,0,0,0,0,0,0,0
80963,0,0,0,0,0,0,0,0,0,0,0,0,0,0,0,0,0,0,0,0,0,0,0,0,0,0,0,0,0,0,0,0,0,0,0,0,0,0,0,0,0,0,0,0,0,0
80993,0,0,0,0,0,0,0,0,0,0,0,0,0,0,0,0,0,0,0,0,0,0,0,0,0,0,0,0,0,0,0,0,0,0,0,0,0,0,0,0,0,0,0,0,0,0
81024,0,0,0,0,0,0,0,0,0,0,0,0,0,0,0,0,0,0,0,0,0,0,0,0,0,0,0,0,0,0,0,0,0,0,0,0,0,0,0,0,0,0,0,0,0,0
81054,0,0,0,0,0,0,0,0,0,0,0,0,0,0,0,0,0,0,0,0,0,0,0,0,0,0,0,0,0,0,0,0,0,0,0,0,0,0,0,0,0,0,0,0,0,0
81085,0,0,0,0,0,0,0,0,0,0,0,0,0,0,0,0,0,0,0,0,0,0,0,0,0,0,0,0,0,0,0,0,0,0,0,0,0,0,0,0,0,0,0,0,0,0
81116,0,0,0,0,0,0,0,0,0,0,0,0,0,0,0,0,0,0,0,0,0,0,0,0,0,0,0,0,0,0,0,0,0,0,0,0,0,0,0,0,0,0,0,0,0,0
81144,0,0,0,0,0,0,0,0,0,0,0,0,0,0,0,0,0,0,0,0,0,0,0,0,0,0,0,0,0,0,0,0,0,0,0,0,0,0,0,0,0,0,0,0,0,0
81175,0,0,0,0,0,0,0,0,0,0,0,0,0,0,0,0,0,0,0,0,0,0,0,0,0,0,0,0,0,0,0,0,0,0,0,0,0,0,0,0,0,0,0,0,0,0
81205,0,0,0,0,0,0,0,0,0,0,0,0,0,0,0,0,0,0,0,0,0,0,0,0,0,0,0,0,0,0,0,0,0,0,0,0,0,0,0,0,0,0,0,0,0,0
81236,0,0,0,0,0,0,0,0,0,0,0,0,0,0,0,0,0,0,0,0,0,0,0,0,0,0,0,0,0,0,0,0,0,0,0,0,0,0,0,0,0,0,0,0,0,0
81266,0,0,0,0,0,0,0,0,0,0,0,0,0,0,0,0,0,0,0,0,0,0,0,0,0,0,0,0,0,0,0,0,0,0,0,0,0,0,0,0,0,0,0,0,0,0
81297,0,0,0,0,0,0,0,0,0,0,0,0,0,0,0,0,0,0,0,0,0,0,0,0,0,0,0,0,0,0,0,0,0,0,0,0,0,0,0,0,0,0,0,0,0,0
81328,0,0,0,0,0,0,0,0,0,0,0,0,0,0,0,0,0,0,0,0,0,0,0,0,0,0,0,0,0,0,0,0,0,0,0,0,0,0,0,0,0,0,0,0,0,0
81358,0,0,0,0,0,0,0,0,0,0,0,0,0,0,0,0,0,0,0,0,0,0,0,0,0,0,0,0,0,0,0,0,0,0,0,0,0,0,0,0,0,0,0,0,0,0
81389,0,0,0,0,0,0,0,0,0,0,0,0,0,0,0,0,0,0,0,0,0,0,0,0,0,0,0,0,0,0,0,0,0,0,0,0,0,0,0,0,0,0,0,0,0,0
81419,0,0,0,0,0,0,0,0,0,0,0,0,0,0,0,0,0,0,0,0,0,0,0,0,0,0,0,0,0,0,0,0,0,0,0,0,0,0,0,0,0,0,0,0,0,0
81450,0,0,0,0,0,0,0,0,0,0,0,0,0,0,0,0,0,0,0,0,0,0,0,0,0,0,0,0,0,0,0,0,0,0,0,0,0,0,0,0,0,0,0,0,0,0
81481,0,0,0,0,0,0,0,0,0,0,0,0,0,0,0,0,0,0,0,0,0,0,0,0,0,0,0,0,0,0,0,0,0,0,0,0,0,0,0,0,0,0,0,0,0,0
81509,0,0,0,0,0,0,0,0,0,0,0,0,0,0,0,0,0,0,0,0,0,0,0,0,0,0,0,0,0,0,0,0,0,0,0,0,0,0,0,0,0,0,0,0,0,0
81540,0,0,0,0,0,0,0,0,0,0,0,0,0,0,0,0,0,0,0,0,0,0,0,0,0,0,0,0,0,0,0,0,0,0,0,0,0,0,0,0,0,0,0,0,0,0
81570,0,0,0,0,0,0,0,0,0,0,0,0,0,0,0,0,0,0,0,0,0,0,0,0,0,0,0,0,0,0,0,0,0,0,0,0,0,0,0,0,0,0,0,0,0,0
81601,0,0,0,0,0,0,0,0,0,0,0,0,0,0,0,0,0,0,0,0,0,0,0,0,0,0,0,0,0,0,0,0,0,0,0,0,0,0,0,0,0,0,0,0,0,0
81631,0,0,0,0,0,0,0,0,0,0,0,0,0,0,0,0,0,0,0,0,0,0,0,0,0,0,0,0,0,0,0,0,0,0,0,0,0,0,0,0,0,0,0,0,0,0
81662,0,0,0,0,0,0,0,0,0,0,0,0,0,0,0,0,0,0,0,0,0,0,0,0,0,0,0,0,0,0,0,0,0,0,0,0,0,0,0,0,0,0,0,0,0,0
81693,0,0,0,0,0,0,0,0,0,0,0,0,0,0,0,0,0,0,0,0,0,0,0,0,0,0,0,0,0,0,0,0,0,0,0,0,0,0,0,0,0,0,0,0,0,0
81723,0,0,0,0,0,0,0,0,0,0,0,0,0,0,0,0,0,0,0,0,0,0,0,0,0,0,0,0,0,0,0,0,0,0,0,0,0,0,0,0,0,0,0,0,0,0
81754,0,0,0,0,0,0,0,0,0,0,0,0,0,0,0,0,0,0,0,0,0,0,0,0,0,0,0,0,0,0,0,0,0,0,0,0,0,0,0,0,0,0,0,0,0,0
81784,0,0,0,0,0,0,0,0,0,0,0,0,0,0,0,0,0,0,0,0,0,0,0,0,0,0,0,0,0,0,0,0,0,0,0,0,0,0,0,0,0,0,0,0,0,0
81815,0,0,0,0,0,0,0,0,0,0,0,0,0,0,0,0,0,0,0,0,0,0,0,0,0,0,0,0,0,0,0,0,0,0,0,0,0,0,0,0,0,0,0,0,0,0
81846,0,0,0,0,0,0,0,0,0,0,0,0,0,0,0,0,0,0,0,0,0,0,0,0,0,0,0,0,0,0,0,0,0,0,0,0,0,0,0,0,0,0,0,0,0,0
81875,0,0,0,0,0,0,0,0,0,0,0,0,0,0,0,0,0,0,0,0,0,0,0,0,0,0,0,0,0,0,0,0,0,0,0,0,0,0,0,0,0,0,0,0,0,0
81906,0,0,0,0,0,0,0,0,0,0,0,0,0,0,0,0,0,0,0,0,0,0,0,0,0,0,0,0,0,0,0,0,0,0,0,0,0,0,0,0,0,0,0,0,0,0
81936,0,0,0,0,0,0,0,0,0,0,0,0,0,0,0,0,0,0,0,0,0,0,0,0,0,0,0,0,0,0,0,0,0,0,0,0,0,0,0,0,0,0,0,0,0,0
81967,0,0,0,0,0,0,0,0,0,0,0,0,0,0,0,0,0,0,0,0,0,0,0,0,0,0,0,0,0,0,0,0,0,0,0,0,0,0,0,0,0,0,0,0,0,0
81997,0,0,0,0,0,0,0,0,0,0,0,0,0,0,0,0,0,0,0,0,0,0,0,0,0,0,0,0,0,0,0,0,0,0,0,0,0,0,0,0,0,0,0,0,0,0
82028,0,0,0,0,0,0,0,0,0,0,0,0,0,0,0,0,0,0,0,0,0,0,0,0,0,0,0,0,0,0,0,0,0,0,0,0,0,0,0,0,0,0,0,0,0,0
82059,0,0,0,0,0,0,0,0,0,0,0,0,0,0,0,0,0,0,0,0,0,0,0,0,0,0,0,0,0,0,0,0,0,0,0,0,0,0,0,0,0,0,0,0,0,0
82089,0,0,0,0,0,0,0,0,0,0,0,0,0,0,0,0,0,0,0,0,0,0,0,0,0,0,0,0,0,0,0,0,0,0,0,0,0,0,0,0,0,0,0,0,0,0
82120,0,0,0,0,0,0,0,0,0,0,0,0,0,0,0,0,0,0,0,0,0,0,0,0,0,0,0,0,0,0,0,0,0,0,0,0,0,0,0,0,0,0,0,0,0,0
82150,0,0,0,0,0,0,0,0,0,0,0,0,0,0,0,0,0,0,0,0,0,0,0,0,0,0,0,0,0,0,0,0,0,0,0,0,0,0,0,0,0,0,0,0,0,0
82181,0,0,0,0,0,0,0,0,0,0,0,0,0,0,0,0,0,0,0,0,0,0,0,0,0,0,0,0,0,0,0,0,0,0,0,0,0,0,0,0,0,0,0,0,0,0
82212,0,0,0,0,0,0,0,0,0,0,0,0,0,0,0,0,0,0,0,0,0,0,0,0,0,0,0,0,0,0,0,0,0,0,0,0,0,0,0,0,0,0,0,0,0,0
82240,0,0,0,0,0,0,0,0,0,0,0,0,0,0,0,0,0,0,0,0,0,0,0,0,0,0,0,0,0,0,0,0,0,0,0,0,0,0,0,0,0,0,0,0,0,0
82271,0,0,0,0,0,0,0,0,0,0,0,0,0,0,0,0,0,0,0,0,0,0,0,0,0,0,0,0,0,0,0,0,0,0,0,0,0,0,0,0,0,0,0,0,0,0
82301,0,0,0,0,0,0,0,0,0,0,0,0,0,0,0,0,0,0,0,0,0,0,0,0,0,0,0,0,0,0,0,0,0,0,0,0,0,0,0,0,0,0,0,0,0,0
82332,0,0,0,0,0,0,0,0,0,0,0,0,0,0,0,0,0,0,0,0,0,0,0,0,0,0,0,0,0,0,0,0,0,0,0,0,0,0,0,0,0,0,0,0,0,0
82362,0,0,0,0,0,0,0,0,0,0,0,0,0,0,0,0,0,0,0,0,0,0,0,0,0,0,0,0,0,0,0,0,0,0,0,0,0,0,0,0,0,0,0,0,0,0
